time_ps,trace
2.654999999999999,8.484551295040609e-05
2.685,8.737824120494677e-05
2.715,2.842465452623233e-05
2.744999999999999,-9.528166948784441e-05
2.774999999999999,-0.0002423438143364074
2.804999999999999,-0.0003307956048900557
2.835,-0.0002810473880476814
2.865,-6.55915618029379e-05
2.894999999999999,0.000261207984005122
2.924999999999999,0.0005730163575085769
2.955,0.0007257409802018797
2.984999999999999,0.0006233353319118108
3.015,0.0002644111940547775
3.044999999999999,-0.0002500981816221415
3.074999999999999,-0.0007533058993790035
3.105,-0.00107461884176403
3.134999999999999,-0.001095008681453323
3.165,-0.0007942394260788494
3.194999999999999,-0.0002474607239433215
3.225,0.0003962360480252838
3.254999999999999,0.0009647652836227026
3.284999999999999,0.001309425198993245
3.315,0.001345510369561543
3.345,0.001068232151195628
3.375,0.0005484706172908466
3.404999999999999,-8.85750157021096e-05
3.435,-0.0007011712352493092
3.464999999999999,-0.001161692001655296
3.495,-0.001381016010398291
3.524999999999999,-0.001328220395991676
3.554999999999999,-0.001027554427428761
3.585,-0.0005498144649873999
3.614999999999999,6.668261706196975e-06
3.644999999999999,0.000539102948053513
3.674999999999999,0.0009552031392739045
3.704999999999999,0.001192818914650377
3.734999999999999,0.001225999619404571
3.764999999999999,0.001064056376849116
3.795,0.0007473358238853604
3.825,0.0003363773005390381
3.854999999999999,-9.776361547577914e-05
3.885,-0.000490374200339721
3.915,-0.000786931240297919
3.944999999999999,-0.0009540064772353046
3.975,-0.0009785354144251556
4.004999999999999,-0.0008703056028273655
4.034999999999999,-0.0006554099800525549
4.065,-0.00037177968880822
4.095,-6.24023935723004e-05
4.124999999999999,0.0002315755449344112
4.154999999999999,0.0004735589029645242
4.185,0.000639167409789146
4.214999999999999,0.0007154046353734017
4.244999999999999,0.000701894195097708
4.274999999999999,0.0006086513220453865
4.304999999999999,0.000454196285474774
4.335,0.0002614261203072526
4.364999999999999,5.649769933851119e-05
4.395,-0.0001368771757580487
4.425,-0.0002989703331260533
4.454999999999999,-0.0004145183664348901
4.484999999999999,-0.0004772513073456532
4.515,-0.000484779034543407
4.544999999999999,-0.0004428008329798397
4.574999999999999,-0.0003600735500202127
4.605,-0.0002485279759290877
4.635,-0.0001226277313938284
4.664999999999999,3.693627215713608e-06
4.694999999999999,0.0001186612816741971
4.725,0.0002107475939923002
4.754999999999999,0.0002746666812831856
4.784999999999999,0.0003061934175419249
4.815,0.0003079228003818129
4.844999999999999,0.0002824973988810564
4.874999999999999,0.0002345900692675974
4.904999999999999,0.0001715130000349874
4.935,9.854269593178061e-05
4.964999999999999,2.262856422692043e-05
4.994999999999999,-4.901521893119516e-05
5.024999999999999,-0.000109625249603804
5.054999999999999,-0.0001546904171072723
5.084999999999999,-0.0001813349558916025
5.115,-0.0001895162098696651
5.144999999999999,-0.0001803748503725454
5.174999999999999,-0.000157473772276855
5.205,-0.0001250382294245307
5.234999999999999,-8.657982173163987e-05
5.264999999999999,-4.708506882576848e-05
5.295,-7.592858849754075e-06
5.324999999999999,2.824746085053324e-05
5.354999999999999,5.959875147163068e-05
5.385,8.449068445513145e-05
5.415,0.0001022548329221135
5.444999999999999,0.0001104626628576097
5.474999999999999,0.0001104437286681743
5.505,0.0001008208650789196
5.534999999999999,8.430987727186084e-05
5.564999999999999,6.237150493522464e-05
5.595,3.712033209178759e-05
5.624999999999999,1.241012891210008e-05
5.654999999999998,-1.097234679322281e-05
5.685,-3.039513232935519e-05
5.715,-4.495260256028477e-05
5.744999999999999,-5.39468960314233e-05
5.774999999999999,-5.769531315435374e-05
5.805,-5.757715227158594e-05
5.834999999999999,-5.328166168494145e-05
5.864999999999999,-4.663218547661145e-05
5.895,-3.804603335758545e-05
5.925,-2.878589866967981e-05
5.954999999999999,-1.845232810984667e-05
5.984999999999999,-8.02230100676664e-06
6.015,2.292629325207605e-06
6.044999999999999,1.132609589474462e-05
6.074999999999999,1.978163937624948e-05
6.105,2.659284285809676e-05
6.134999999999999,3.136795842489993e-05
6.164999999999999,3.349776385223532e-05
6.194999999999999,3.41164254796683e-05
6.225,3.201414785910068e-05
6.255,2.772679975957099e-05
6.284999999999999,2.203130656774677e-05
6.315,1.504396479567322e-05
6.345,7.976989781044844e-06
6.374999999999999,5.453226988517595e-07
6.404999999999999,-5.245753893416922e-06
6.434999999999999,-1.038122150118831e-05
6.465,-1.379603440137737e-05
6.494999999999999,-1.558775104116077e-05
6.524999999999999,-1.652863325182112e-05
6.555,-1.598375214358833e-05
6.584999999999999,-1.432451251435233e-05
6.614999999999999,-1.234161789901388e-05
6.645,-9.377030642318513e-06
6.674999999999999,-7.056350104807879e-06
6.704999999999999,-4.207046756256162e-06
6.734999999999999,-2.046603188308775e-06
6.765,3.745829544180485e-07
6.794999999999999,2.790819701832435e-06
6.824999999999999,4.56410819995142e-06
6.855,5.967400767286444e-06
6.884999999999999,7.252407321632424e-06
6.914999999999999,7.92283683537579e-06
6.944999999999999,8.545401313620141e-06
6.974999999999999,9.065843059655048e-06
7.004999999999999,8.478535383044761e-06
7.034999999999999,7.130260133512931e-06
7.065,6.79898375500631e-06
7.094999999999999,5.895869915792248e-06
7.125,4.150020453581482e-06
7.154999999999999,2.741075143142497e-06
7.184999999999999,6.778934053515873e-07
7.215,-3.176635081106083e-07
7.244999999999999,-1.423547478189412e-06
7.274999999999999,-2.372120751656491e-06
7.304999999999999,-3.420464404361894e-06
7.335,-3.386519503314499e-06
7.364999999999998,-3.818408604926265e-06
7.394999999999999,-3.077382943069322e-06
7.425,-3.021118380298007e-06
7.454999999999998,-2.296256486585877e-06
7.484999999999999,-1.434240440624386e-06
7.515,-7.693226410141195e-07
7.544999999999998,-1.884862750296799e-08
7.575,8.762855284846797e-07
7.605,1.601671164315802e-06
7.634999999999998,1.965124769176254e-06
7.665,2.489962467454315e-06
7.694999999999999,2.723707585417614e-06
7.725,3.190346332123293e-06
7.755,2.924198180385353e-06
7.784999999999999,2.885088194406639e-06
7.815,2.261941768706879e-06
7.845,2.202354850747181e-06
7.874999999999998,2.269243458950333e-06
7.904999999999999,1.998374181805805e-06
7.935,2.020494279161031e-06
7.964999999999998,1.72699788084777e-06
7.994999999999999,1.049998304639722e-06
8.024999999999999,1.045157011794494e-06
8.054999999999998,7.391694509696143e-07
8.085000000000001,7.678962268356462e-07
8.114999999999998,3.434921939516332e-07
8.144999999999998,6.224316962090994e-07
8.175000000000001,1.589444738719542e-07
8.204999999999998,4.029011099814291e-07
8.234999999999999,1.825477008591365e-07
8.265000000000001,-4.082144825870893e-08
8.294999999999998,4.203706376183586e-07
8.324999999999999,4.273694204453636e-07
8.355,1.523991784659284e-07
8.384999999999998,6.213637510770085e-07
8.414999999999999,3.895002466828705e-07
8.445,4.542043772397037e-07
8.474999999999998,8.728541770923009e-07
8.504999999999999,1.27725952516634e-06
8.535,1.50856334744058e-06
8.564999999999998,1.265355729428557e-06
8.594999999999999,1.659620007656151e-06
8.625,1.377508727115486e-06
8.654999999999998,1.113295863579772e-06
8.685,1.200443367324982e-06
8.715,1.462334378390008e-06
8.744999999999997,1.715371671564811e-06
8.775,1.419446565370817e-06
8.805,1.342757056822062e-06
8.834999999999999,1.090819859357176e-06
8.865,1.507028440818484e-06
8.895,1.244005807350773e-06
8.924999999999999,9.82370611593702e-07
8.955,8.997465648545114e-07
8.984999999999999,9.948033058053079e-07
9.014999999999999,9.065350696007811e-07
9.045,7.949481332294855e-07
9.074999999999998,1.258600610668843e-06
9.104999999999999,8.107554688444371e-07
9.135,5.586271769675073e-07
9.164999999999997,8.379445166336274e-07
9.195,7.562890156774219e-07
9.225,1.141807735902943e-06
9.254999999999997,8.457038802645541e-07
9.285,9.02078640610036e-07
9.315,9.352838609754487e-07
9.344999999999999,1.38187317189247e-06
9.375,7.953503658903569e-07
9.404999999999999,1.21175886783134e-06
9.434999999999999,1.036741926881861e-06
9.465,1.189388409151992e-06
9.494999999999999,1.010811520814514e-06
9.524999999999999,1.334200459889221e-06
9.555,1.090583786401726e-06
9.584999999999999,1.225645611039556e-06
9.614999999999998,1.319923269346228e-06
9.645,1.061947118275579e-06
9.674999999999999,1.140378698677242e-06
9.704999999999998,1.47910629756355e-06
9.734999999999999,1.096662738820154e-06
9.764999999999999,1.033936780930508e-06
9.795,1.296757434639263e-06
9.824999999999999,1.159830951189223e-06
9.854999999999999,1.232378296175546e-06
9.885,1.104799580003917e-06
9.914999999999999,1.409822777053728e-06
9.944999999999999,1.274002283036337e-06
9.975,9.775861925930453e-07
10.005,1.10261106827919e-06
10.035,1.372798480972393e-06
10.065,1.097062283159184e-06
10.095,1.020124639516643e-06
10.125,9.465335177679805e-07
10.155,9.740514417353278e-07
10.185,9.12653161563871e-07
10.215,1.330092959422247e-06
10.245,1.255101143780896e-06
10.275,1.410662121864803e-06
10.305,1.336845877552382e-06
10.335,1.078146008907899e-06
10.365,1.440408321868459e-06
10.395,1.128903338374667e-06
10.425,9.968215603852909e-07
10.455,1.349946820334882e-06
10.485,1.20352048203009e-06
10.515,1.195463884297253e-06
10.545,1.416991288498574e-06
10.575,1.247612822130446e-06
10.605,1.118339158385997e-06
10.635,9.693820329623724e-07
10.665,1.190221274574061e-06
10.695,1.131235659636304e-06
10.725,1.233430087145273e-06
10.755,1.342564086179222e-06
10.785,1.126435184270445e-06
10.815,1.016645457846822e-06
10.845,1.392943363820952e-06
10.875,1.248409150461106e-06
10.905,1.368134941245121e-06
10.935,1.085877618749154e-06
10.965,1.403476187199046e-06
10.995,1.304882342973201e-06
11.025,9.918320295098236e-07
11.055,7.496308353451127e-07
11.085,1.519770961415104e-06
11.115,1.026661484717724e-06
11.145,8.440196652192015e-07
11.175,6.910623644280241e-07
11.205,1.115503103296593e-06
11.235,1.370351787260437e-06
11.265,1.003201388991455e-06
11.295,9.017839444169429e-07
11.325,8.629177589176998e-07
11.355,1.155813841001528e-06
11.385,1.020241304801527e-06
11.415,1.119148645682537e-06
11.445,1.433701177164311e-06
11.475,1.012601877675531e-06
11.505,6.405860113832077e-07
11.535,1.176108394678743e-06
11.565,1.451423493014084e-06
11.595,7.357353521206104e-07
11.625,8.896529192103451e-07
11.655,7.811878421516708e-07
11.685,1.043357344656702e-06
11.715,1.11518459752836e-06
11.745,8.573982942924716e-07
11.775,7.700249506939326e-07
11.805,1.576160289635645e-06
11.835,9.463337584322573e-07
11.865,1.178241214047242e-06
11.895,8.706903489539541e-07
11.925,1.063549909377229e-06
11.955,7.408685739561427e-07
11.985,1.193997677662596e-06
12.015,9.546826911286312e-07
12.045,1.233840232751084e-06
12.075,1.236872936834368e-06
12.105,8.244541934997952e-07
12.135,9.38561311591583e-07
12.165,8.099702813113211e-07
12.195,8.887723750062399e-07
12.225,1.261868490506619e-06
12.255,1.147862878809563e-06
12.285,9.556363846263189e-07
12.315,6.118216799710354e-07
12.345,9.56811318208565e-07
12.375,1.207389537902521e-06
12.405,1.42695073400383e-06
12.435,7.384724011465047e-07
12.465,7.683017454991493e-07
12.495,9.668255297881127e-07
12.525,1.097485863487629e-06
12.555,9.542703672265291e-07
12.585,1.222335556578496e-06
12.615,9.670694851775383e-07
12.645,1.286927419848651e-06
12.675,5.451041616533498e-07
12.705,9.750792514254541e-07
12.735,1.069771750751044e-06
12.765,7.07789443497806e-07
12.795,1.376241677392e-06
12.825,1.48008611329951e-06
12.855,1.232897079214965e-06
12.885,9.520254893338257e-07
12.915,8.192086927351856e-07
12.945,1.189204651185458e-06
12.975,9.562520846562571e-07
13.005,9.773160375930863e-07
13.035,7.589515196219895e-07
13.065,5.610703334566648e-07
13.095,1.031159092518664e-06
13.125,6.652677279338512e-07
13.155,1.040470847642169e-06
13.185,1.213069820806458e-06
13.215,8.94988503724482e-07
13.245,5.421317315887925e-07
13.275,9.374801701833215e-07
13.305,9.201110030797457e-07
13.335,1.063474128787043e-06
13.365,8.516279165415592e-07
13.395,9.886581518296064e-07
13.425,1.178618672367277e-06
13.455,6.743238565663383e-07
13.485,7.470653619587759e-07
13.515,8.865824420620308e-07
13.545,7.206045672349943e-07
13.575,1.095914000617343e-06
13.605,6.461109684470623e-07
13.635,1.158689000971761e-06
13.665,1.105255346799122e-06
13.695,1.162540351426525e-06
13.725,8.422774915600302e-07
13.755,1.021402968390968e-06
13.785,7.268143760632649e-07
13.815,7.687502891781015e-07
13.845,8.683823339081414e-07
13.875,5.319615077619567e-07
13.905,7.709650441328802e-07
13.935,5.622867310744082e-07
13.965,1.09071893386121e-06
13.995,8.157359657835247e-07
14.025,6.633017800206207e-07
14.055,9.187680967701113e-07
14.085,6.905915144037137e-07
14.115,9.572911513727836e-07
14.145,9.235472759536777e-07
14.175,8.315018487031058e-07
14.205,7.106616820454221e-07
14.235,9.712742587251116e-07
14.265,8.761579455407053e-07
14.295,1.324771620319604e-06
14.325,6.560903960238108e-07
14.355,7.253884967939419e-07
14.385,9.569289994545043e-07
14.415,6.993417437185373e-07
14.445,7.092834463516016e-07
14.475,7.643454242327183e-07
14.505,5.712326997692399e-07
14.535,3.492761165693511e-07
14.565,4.787507890888418e-07
14.595,6.395366536029784e-07
14.625,6.582756249979369e-07
14.655,6.164880593957681e-07
14.685,6.19193459017775e-07
14.715,6.483505575067913e-07
14.745,1.064973983444227e-06
14.775,9.8116133579442e-07
14.805,5.002402903315559e-07
14.835,7.001712993179891e-07
14.865,9.607483957206127e-07
14.895,6.446068446381937e-07
14.925,8.778589527256899e-07
14.955,7.252187042204739e-07
14.985,8.367328805793817e-07
15.015,6.258667051232186e-07
15.045,1.08812099656681e-06
15.075,1.212364888602326e-06
15.105,8.528491395491852e-07
15.135,1.09567211598947e-06
15.165,1.032944898892773e-06
15.195,1.299701632765939e-06
15.225,1.360508498732107e-06
15.255,1.257518252465381e-06
15.285,1.06014583009321e-06
15.315,9.013320715613388e-07
15.345,1.04844003353329e-06
15.375,1.060077371363901e-06
15.405,7.584621407382393e-07
15.435,6.073306664454696e-07
15.465,2.669764879759432e-08
15.495,-5.345498091898686e-07
15.525,-8.013821904699845e-07
15.555,-1.472983556478626e-06
15.585,-2.216173826401123e-06
15.615,-3.029475842693564e-06
15.645,-3.76564803325496e-06
15.675,-4.661801891145693e-06
15.705,-5.409878856184277e-06
15.735,-5.72560782117551e-06
15.765,-6.325085647370412e-06
15.795,-7.034565307434626e-06
15.825,-7.024183593277016e-06
15.855,-6.773636752618841e-06
15.885,-5.575850808858633e-06
15.915,-3.768610363320229e-06
15.945,-2.098135332496481e-06
15.975,1.299663269722576e-06
16.005,5.22346197246521e-06
16.035,9.824502135702341e-06
16.065,1.595229236215832e-05
16.095,2.295292742035804e-05
16.125,3.124756394180492e-05
16.155,3.952982233484697e-05
16.185,4.93238179847259e-05
16.215,5.948815319258929e-05
16.245,6.896867755997599e-05
16.275,7.796778410623091e-05
16.305,8.56273424365615e-05
16.335,9.143677180268858e-05
16.365,9.400695248989538e-05
16.395,9.245483323361425e-05
16.425,8.562641193156149e-05
16.45499999999999,7.209093987516277e-05
16.485,5.0002151596912e-05
16.515,1.703214272624051e-05
16.545,-2.707273042087831e-05
16.575,-8.579582354023373e-05
16.605,-0.000161706576182627
16.635,-0.0002581193032018255
16.665,-0.0003791316539837756
16.695,-0.0005311029253654414
16.725,-0.0007204691177076349
16.755,-0.0009559161561857847
16.785,-0.001244373337306559
16.815,-0.00158752247070228
16.845,-0.001974557209129294
16.875,-0.002363132726499865
16.905,-0.002659456845246152
16.935,-0.002687947077111452
16.965,-0.002171188611336797
16.995,-0.0007357505067225656
17.025,0.001998848735041164
17.055,0.006251755219631542
17.085,0.01180791190692947
17.115,0.01777225656460054
17.145,0.0225101965315158
17.175,0.02395275154199402
17.205,0.02025286184002891
17.235,0.01059703814406883
17.265,-0.004222023579052835
17.295,-0.02176088325274522
17.325,-0.03846798194368171
17.355,-0.05062369136881378
17.385,-0.05531760456768511
17.415,-0.05116288081256669
17.445,-0.03855257130822646
17.475,-0.01947508597283238
17.505,0.003003320155526964
17.535,0.02540986447748591
17.565,0.04451023587804825
17.595,0.05781453189985022
17.625,0.0638705138361111
17.655,0.06234606564329319
17.685,0.05392671160391579
17.715,0.04008304619619477
17.745,0.02277310926485656
17.775,0.004135874298182915
17.805,-0.01378731335413423
17.835,-0.02926799477853582
17.865,-0.04103233955467361
17.895,-0.04832741310939425
17.925,-0.05092114333613652
17.955,-0.0490475677118988
17.985,-0.04331629035500423
18.015,-0.03459900824694362
18.045,-0.02391480760005028
18.075,-0.01231971279243983
18.105,-0.0008095017499403192
18.135,0.00974986505299979
18.165,0.01867755740093312
18.195,0.02550013328164967
18.225,0.02996105406659676
18.255,0.03200610472708339
18.285,0.03175977401941801
18.315,0.02949036538283493
18.345,0.0255689231962304
18.375,0.02043149605085947
18.405,0.01453798090156484
18.435,0.008339926974946642
18.465,0.002250873232352059
18.495,-0.003375251682384122
18.525,-0.008255532738530844
18.555,-0.01218764364825999
18.585,-0.01505242112264475
18.615,-0.01680718039024934
18.645,-0.01747692817484665
18.675,-0.01714756671754733
18.705,-0.01594822476801433
18.735,-0.01404113251324233
18.765,-0.01160554757962933
18.795,-0.008828378207443343
18.825,-0.005890837181722873
18.855,-0.002959769901364261
18.885,-0.0001808214459626709
18.915,0.002324821279880185
18.945,0.004463707116113263
18.975,0.006171222856078636
19.005,0.007413336833165902
19.035,0.008186117452282723
19.065,0.008510404428656282
19.095,0.008422641366645401
19.125,0.007973472491231376
19.155,0.007217875258245974
19.185,0.006216269293064755
19.215,0.005037406072791636
19.245,0.003753401969269373
19.275,0.002440472282669509
19.305,0.001168176204149813
19.335,-7.884407292045877e-06
19.365,-0.001047423668273714
19.395,-0.001930628211185141
19.425,-0.002649253087929885
19.455,-0.003200281310889441
19.485,-0.003584917362780373
19.515,-0.00380360201312659
19.545,-0.003856064714670097
19.575,-0.003748005643129351
19.605,-0.003492972425359033
19.635,-0.003111779163274605
19.665,-0.0026362867046707
19.695,-0.00210165173801906
19.725,-0.001544943035490376
19.755,-0.0009993837239796776
19.785,-0.0004874637038545772
19.815,-2.695919707943686e-05
19.845,0.0003755413557151698
19.875,0.0007189093536684037
19.905,0.001004547264160392
19.935,0.001235177932795694
19.965,0.001412830981967523
19.995,0.001536338015469956
20.025,0.001604240083871563
20.055,0.00161429079438894
20.085,0.001566368076524055
20.115,0.001462925999060013
20.145,0.001310198189288132
20.175,0.001118434947663154
20.205,0.0008997107786547823
20.235,0.0006670876269783898
20.265,0.0004348175439648388
20.295,0.0002144849374331725
20.325,1.585133624900362e-05
20.355,-0.0001553786072996231
20.385,-0.0002964442192473601
20.415,-0.0004080180153781919
20.445,-0.0004902356852204835
20.475,-0.0005492593240760408
20.505,-0.0005867381203523979
20.535,-0.0006059839438138287
20.565,-0.000610716959797297
20.595,-0.0006015924261563126
20.625,-0.0005797489068618812
20.655,-0.0005462366108953342
20.685,-0.0005006466287521214
20.715,-0.0004442331312967433
20.745,-0.000377068978394338
20.775,-0.0003025231631763568
20.805,-0.000222762629604029
20.835,-0.0001401305391770981
20.865,-5.853707027975311e-05
20.895,1.843244113144613e-05
20.925,8.78494895050441e-05
20.955,0.0001475742800809309
20.985,0.0001958047711505001
21.015,0.0002310079107545718
21.045,0.0002541019785585251
21.075,0.0002649273779076908
21.105,0.0002655262093357004
21.135,0.000257077930436539
21.165,0.0002425166787057104
21.195,0.0002213005801192113
21.225,0.0001978159118298054
21.255,0.0001716042181291805
21.285,0.0001455016557190658
21.315,0.0001189318927803646
21.345,9.370487242796355e-05
21.375,6.909268735989655e-05
21.405,4.537037865401384e-05
21.435,2.31441650564021e-05
21.465,1.713513160845058e-06
21.495,-1.831383572019306e-05
21.525,-3.700392818380667e-05
21.555,-5.353317631389138e-05
21.585,-6.817400747848161e-05
21.615,-7.974689806119479e-05
21.645,-8.954414261774083e-05
21.675,-9.626875424678273e-05
21.705,-0.0001001018559289526
21.735,-0.0001013329175430106
21.765,-9.900118996119988e-05
21.795,-9.406309246201413e-05
21.825,-8.692500835295952e-05
21.855,-7.746546617692277e-05
21.885,-6.585112002667605e-05
21.915,-5.360126859111149e-05
21.945,-4.098960013575939e-05
21.975,-2.832414920604384e-05
22.005,-1.625757140837299e-05
22.035,-5.426939829839928e-06
22.065,4.562476361281664e-06
22.095,1.263615903976992e-05
22.125,2.004356000812062e-05
22.155,2.547461411139523e-05
22.185,3.01268600633167e-05
22.215,3.299897065580999e-05
22.245,3.473625878962406e-05
22.275,3.533075006293126e-05
22.305,3.55557433125372e-05
22.335,3.463754089688023e-05
22.365,3.288807194520685e-05
22.395,3.013383470447184e-05
22.425,2.765831034060521e-05
22.455,2.469027772549176e-05
22.485,2.166016920085101e-05
22.515,1.818934086291509e-05
22.545,1.562943458586209e-05
22.575,1.227585663958572e-05
22.605,8.894284470421914e-06
22.635,5.808971368131631e-06
22.665,2.314992644804557e-06
22.695,-4.198858465053616e-07
22.725,-3.965259918028197e-06
22.755,-6.747573787942672e-06
22.785,-9.287787522122605e-06
22.815,-1.176279682022999e-05
22.845,-1.297898093556065e-05
22.875,-1.490470050936902e-05
22.905,-1.560624427918946e-05
22.935,-1.566160787127659e-05
22.965,-1.599377255164359e-05
22.995,-1.566495481044616e-05
23.025,-1.487216978778313e-05
23.055,-1.41828380577836e-05
23.085,-1.30549373893655e-05
23.115,-1.118313129280977e-05
23.145,-9.765609612535735e-06
23.175,-8.378249283931349e-06
23.205,-6.567453108898694e-06
23.235,-4.748096343948388e-06
23.265,-3.545150175474253e-06
23.295,-1.688889371920499e-06
23.325,-6.910948430660241e-07
23.355,8.257683822971744e-07
23.385,1.587499628521111e-06
23.415,2.676802477534526e-06
23.445,3.216830697097294e-06
23.475,3.757785886905395e-06
23.505,3.877771582866693e-06
23.535,4.411715624418823e-06
23.565,4.185703167520772e-06
23.595,4.406252844098269e-06
23.625,4.019916644715761e-06
23.655,3.226584957247075e-06
23.685,3.323187327621243e-06
23.715,2.753889785489593e-06
23.745,2.598657459036345e-06
23.775,2.028446182461844e-06
23.805,1.554077875567759e-06
23.835,1.254181092527877e-06
23.865,6.085580707131408e-07
23.895,2.285568357263533e-07
23.925,-1.185975341138831e-07
23.955,-9.78699671332669e-07
23.985,-1.275218467281365e-06
24.015,-1.136065789578578e-06
24.045,-1.912905067614066e-06
24.075,-2.238197464900184e-06
24.105,-2.317765532554562e-06
24.135,-2.758799662403039e-06
24.165,-2.999691410013341e-06
24.195,-2.987707998735557e-06
24.225,-3.432387658208576e-06
24.255,-3.149426725728727e-06
24.285,-3.189833225116743e-06
24.315,-3.15945478067169e-06
24.345,-3.147263899665787e-06
24.375,-3.358927204668737e-06
24.405,-2.719749976083971e-06
24.435,-2.392972676237714e-06
24.465,-2.365412425768798e-06
24.495,-2.554803900229435e-06
24.525,-1.932378291530535e-06
24.555,-1.701987010598906e-06
24.585,-1.63942301028532e-06
24.615,-1.284139158183668e-06
24.645,-1.34995426672829e-06
24.675,-1.234951228421654e-06
24.705,-4.66160101545678e-07
24.735,-5.619351209050077e-07
24.765,-7.36175606815231e-07
24.795,-4.689201730892761e-07
24.825,-1.495133441185837e-08
24.855,-5.747848070630271e-08
24.885,-2.990559321521751e-07
24.915,-4.977862378367757e-07
24.945,-4.708638224505594e-07
24.975,-7.555040899218227e-10
25.005,-8.081466559824812e-07
25.035,-4.630382543872388e-07
25.065,-6.531382350609604e-07
25.095,-5.413977206828952e-07
25.125,-6.319350870549248e-07
25.155,-1.088181699722326e-06
25.185,-5.348332505762929e-07
25.215,-1.107960750191676e-06
25.245,-7.586082078989834e-07
25.275,-1.17302578831663e-06
25.305,-1.683411756479849e-06
25.335,-1.205762004711518e-06
25.365,-1.224868277679851e-06
25.395,-1.265466453815392e-06
25.425,-1.318057658471922e-06
25.455,-1.196568724442369e-06
25.485,-1.659041320800414e-06
25.515,-1.731789172217265e-06
25.545,-1.604038150344995e-06
25.575,-1.480175952077815e-06
25.605,-1.885011488685864e-06
25.635,-1.388948513020082e-06
25.665,-1.384067389088163e-06
25.695,-1.242184495529859e-06
25.725,-9.815300347210143e-07
25.755,-1.653237943149441e-06
25.785,-1.262822950534028e-06
25.815,-1.204030415180336e-06
25.845,-1.41861608411912e-06
25.875,-1.579790682056714e-06
25.905,-1.273231440458458e-06
25.935,-7.925207245299889e-07
25.965,-1.211760828403409e-06
25.995,-1.526641991259291e-06
26.025,-1.383319350641618e-06
26.055,-1.160057912976779e-06
26.085,-1.150989288586016e-06
26.115,-1.070002239611775e-06
26.145,-1.425291436915307e-06
26.175,-1.142448009925661e-06
26.205,-8.027321869326822e-07
26.235,-1.047908016435491e-06
26.265,-1.1458262229743e-06
26.295,-6.548154763166543e-07
26.325,-8.729128863166613e-07
26.355,-1.22183131514027e-06
26.385,-9.942828773518577e-07
26.415,-1.236785411617809e-06
26.445,-8.367110994719353e-07
26.475,-1.057508307237261e-06
26.505,-7.588190360859491e-07
26.535,-1.288477188562882e-06
26.565,-1.325901252930753e-06
26.595,-1.118424915884519e-06
26.625,-1.146063543162914e-06
26.655,-9.232562128133323e-07
26.685,-1.276377919985425e-06
26.715,-9.458338973655492e-07
26.745,-9.415631814482883e-07
26.775,-1.204508794969019e-06
26.805,-1.125176706631335e-06
26.835,-1.290876593881099e-06
26.865,-9.196409946485489e-07
26.895,-1.398683231829816e-06
26.925,-9.08804641444328e-07
26.955,-1.036879344394788e-06
26.985,-9.296817687782133e-07
27.015,-1.257098186882227e-06
27.045,-1.348708768880928e-06
27.075,-1.223275249642106e-06
27.105,-1.144428798738037e-06
27.135,-1.193046480739635e-06
27.165,-1.189037955428012e-06
27.195,-9.971878441877795e-07
27.225,-1.043730920009564e-06
27.255,-1.181084193854469e-06
27.285,-9.092434244864582e-07
27.315,-9.878534506960728e-07
27.345,-8.756241524848733e-07
27.375,-1.137605910161852e-06
27.405,-5.933239871272562e-07
27.435,-1.26756612856971e-06
27.465,-1.236827947587025e-06
27.495,-1.005079764507402e-06
27.525,-1.026994290177261e-06
27.555,-1.032167353732092e-06
27.585,-1.032901323239277e-06
27.61499999999999,-9.943653663634022e-07
27.645,-1.415751592795677e-06
27.675,-1.077998934553597e-06
27.705,-9.734018633416481e-07
27.735,-1.199085506460708e-06
27.765,-1.037144240349459e-06
27.795,-1.033440684770195e-06
27.825,-9.757343529988722e-07
27.855,-1.011156114802617e-06
27.885,-1.243884108328158e-06
27.915,-1.145774277053228e-06
27.945,-9.736943655729313e-07
27.975,-1.241466990982655e-06
28.005,-9.240842888644864e-07
28.035,-8.901957937971953e-07
28.065,-1.066144690602681e-06
28.095,-9.744296753906615e-07
28.125,-8.922853477873893e-07
28.155,-6.117211187310388e-07
28.185,-9.551604442377537e-07
28.215,-9.834681489222673e-07
28.245,-7.217650100241836e-07
28.275,-6.677164839024172e-07
28.305,-1.14956274688317e-06
28.335,-1.068180673202144e-06
28.365,-1.109233193099709e-06
28.395,-9.511942169101654e-07
28.425,-2.536804104060827e-07
28.455,-9.551243890530419e-07
28.485,-9.567369794771013e-07
28.515,-1.061241243946335e-06
28.545,-1.084828937906284e-06
28.575,-1.067869303402454e-06
28.605,-8.989070064078657e-07
28.635,-9.097829934656597e-07
28.665,-8.033953765825763e-07
28.695,-1.231428465290829e-06
28.725,-8.551786354806817e-07
28.755,-2.925899555228598e-07
28.785,-9.213053435915886e-07
28.815,-9.274762224742191e-07
28.845,-6.352429403886131e-07
28.875,-9.666253936216873e-07
28.905,-7.344774887887558e-07
28.935,-5.774061908517457e-07
28.965,-1.03271987657755e-06
28.995,-9.652234062316316e-07
29.025,-8.18997580786614e-07
29.055,-6.630088099356179e-07
29.085,-7.729117437724389e-07
29.11499999999999,-8.661359855384739e-07
29.14499999999999,-7.396295489322617e-07
29.175,-8.430656924179918e-07
29.205,-9.13840777844885e-07
29.235,-8.148941436730627e-07
29.265,-8.876396166106964e-07
29.295,-5.330522748418765e-07
29.325,-1.123585834936212e-06
29.355,-7.231070321465216e-07
29.385,-7.45297365880897e-07
29.415,-8.076903529480543e-07
29.445,-8.659767137835928e-07
29.47499999999999,-9.03215033849042e-07
29.505,-8.109329679818952e-07
29.535,-1.004359211584255e-06
29.565,-7.653536515571405e-07
29.595,-5.14757293159328e-07
29.625,-9.637918227585379e-07
29.655,-4.982708876064521e-07
29.685,-6.696026946638813e-07
29.715,-9.700411337458634e-07
29.745,-6.288658278875391e-07
29.775,-5.795194517514538e-07
29.80499999999999,-8.098042636448887e-07
29.835,-8.271936468196347e-07
29.865,-5.18481143437006e-07
29.895,-6.771254681686959e-07
29.925,-7.274425463649378e-07
29.955,-7.26733724645893e-07
29.985,-9.210592304537476e-07
30.015,-8.333296440909864e-07
30.045,-4.958906876931122e-07
30.075,-7.225852624733817e-07
30.105,-6.422174095591824e-07
30.13499999999999,-6.766059423443038e-07
30.16499999999999,-8.017679953372195e-07
30.195,-4.128823644906432e-07
30.225,-3.401747771575485e-07
30.255,-3.325711330391982e-07
30.285,-5.269161262478855e-07
30.315,-3.437346532088169e-07
30.345,-5.490511997236673e-07
30.375,-3.116946058021314e-07
30.405,-6.890753319596158e-07
30.435,-6.788490093309019e-07
30.465,-8.260504536171403e-07
30.49499999999999,-4.038669238100383e-07
30.525,-6.14589363569238e-07
30.555,-4.401603455062018e-07
30.585,-7.313600885779423e-07
30.615,-6.808531374696699e-07
30.645,-4.20588139073029e-07
30.675,-5.171711643106536e-07
30.705,-3.150701284975049e-07
30.735,-1.957908385510587e-07
30.765,-2.973780130343457e-07
30.79499999999999,-5.956287996262616e-07
30.825,-6.788637957914229e-07
30.85499999999999,-6.866176551827178e-07
30.885,-4.757304970224699e-07
30.915,-3.790656628429141e-07
30.945,-3.858319412152903e-07
30.975,-4.841900521081358e-07
31.005,-5.787506695799255e-07
31.035,-8.440147008641475e-07
31.065,-5.0526388592444e-07
31.095,-9.964602633771652e-07
31.125,-3.604776215991071e-07
31.15499999999999,6.390394020243535e-08
31.185,-3.397580283550257e-07
31.215,-5.005432693797779e-07
31.245,-1.432244328894295e-07
31.275,-4.576395221008494e-07
31.305,-3.126481286586302e-07
31.335,-3.867637832187726e-07
31.365,-2.858401962214936e-07
31.395,-8.225883601335565e-08
31.425,-2.554996359242285e-07
31.45499999999999,-4.85854113769689e-07
31.485,-4.118464610419646e-07
31.51499999999999,-4.652959419172828e-07
31.545,-7.680092126324063e-07
31.575,-2.778394643565845e-07
31.605,-1.981362903521362e-07
31.635,-4.626714816004222e-07
31.665,-5.044488653576203e-07
31.695,-2.607328668290026e-07
31.725,-3.715691908169142e-07
31.755,-3.879145808725433e-07
31.785,-2.880261227686184e-07
31.81499999999999,-5.236290649043626e-07
31.845,-1.621947546901982e-07
31.87499999999999,-1.130898354334623e-07
31.90499999999999,1.436743281051708e-09
31.935,-4.839218576738807e-07
31.965,2.282639323084861e-07
31.995,-2.029835530592405e-07
32.025,-3.368823662665008e-07
32.055,-4.039774474532435e-07
32.085,1.484116415024428e-07
32.11499999999999,-2.73932393807343e-07
32.145,-2.210321431915119e-08
32.175,-6.73311865098669e-08
32.20499999999999,-1.108251651354198e-07
32.23499999999999,-5.548140132488496e-07
32.26499999999999,-2.270347332024034e-07
32.295,-2.033283009413106e-07
32.325,-3.901543821635531e-07
32.355,8.452678404993091e-08
32.385,-2.684991892501122e-07
32.415,-1.850001592641788e-07
32.445,-1.174900326793616e-07
32.47499999999999,-4.602860769346226e-07
32.505,5.666899152946268e-08
32.535,-1.263731212248864e-07
32.56499999999999,-5.269141716096685e-08
32.59499999999999,5.615054940805355e-08
32.62500000000001,-2.4988019001209e-07
32.655,-3.893845982402373e-07
32.685,-2.405989488213821e-07
32.715,-3.691544641999334e-07
32.745,-4.202394058838017e-07
32.775,-2.697458557606855e-08
32.805,-3.471156860280407e-07
32.83499999999999,-1.520588124492277e-07
32.86499999999999,2.727929776004933e-07
32.895,-1.257221508033311e-07
32.92499999999999,2.670026957272289e-07
32.95500000000001,2.34062762423468e-08
32.985,-9.819336758717493e-08
33.015,-2.187072410663597e-07
33.045,3.276551882135395e-07
33.075,1.547195816987138e-07
33.105,1.959711891837798e-07
33.135,-6.871745686472711e-07
33.165,-2.602672296198701e-06
33.19499999999999,-5.748387978347052e-06
33.22499999999999,-1.016297141701011e-05
33.255,-1.094580578414111e-05
33.28499999999999,-4.535138729334208e-06
33.315,1.651763528899792e-05
33.345,5.119706690148286e-05
