time_ps,trace
2.654999999999999,0.1340986855166618
2.685,0.1394465217112743
2.715,0.1425436721721232
2.744999999999999,0.1428695865275196
2.774999999999999,0.1404621450910295
2.804999999999999,0.1358958609517472
2.835,0.1300636544203907
2.865,0.1238538982261061
2.894999999999999,0.1178563332319034
2.924999999999999,0.1122191160323002
2.955,0.1067165471859725
2.984999999999999,0.1009959775572881
3.015,0.09489041297902204
3.044999999999999,0.08864733825993495
3.074999999999999,0.08295339779793801
3.105,0.07871946929796289
3.134999999999999,0.07669619222518138
3.165,0.07707085722726373
3.194999999999999,0.07921798066490707
3.225,0.08172854418699492
3.254999999999999,0.08274491679487771
3.284999999999999,0.08051576259878394
3.315,0.07399679709519766
3.345,0.06328922315237277
3.375,0.04974256471084766
3.404999999999999,0.03564812834186384
3.435,0.02358866648985842
3.464999999999999,0.01564515359762912
3.495,0.01273946887995742
3.524999999999999,0.01436895427324416
3.554999999999999,0.01885656929919141
3.585,0.02403945694428034
3.614999999999999,0.02813099901235754
3.644999999999999,0.03040549180380522
3.674999999999999,0.03142018314016427
3.704999999999999,0.03268610167454714
3.734999999999999,0.03594001730080264
3.764999999999999,0.04234256327306372
3.795,0.05195095884763355
3.825,0.0636806810457376
3.854999999999999,0.07574641862336653
3.885,0.08636574478390699
3.915,0.09441139997620425
3.944999999999999,0.09974460943124142
3.975,0.1031190648192922
4.004999999999999,0.1057343161874154
4.034999999999999,0.1086547981148191
4.065,0.112344956260445
4.095,0.1164995486214556
4.124999999999999,0.1202119553288418
4.154999999999999,0.12238381154155
4.185,0.1221918903428339
4.214999999999999,0.1194216168446038
4.244999999999999,0.1145452354121203
4.274999999999999,0.1085325807168551
4.304999999999999,0.1024874188926392
4.335,0.09726268915967434
4.364999999999999,0.0932046788097342
4.395,0.09011580261852378
4.425,0.08743524582984456
4.454999999999999,0.08455178955115188
4.484999999999999,0.08111444370734676
4.515,0.07721024285993601
4.544999999999999,0.07333222093252598
4.574999999999999,0.07014469042499277
4.605,0.06813723703138443
4.635,0.06731152778052188
4.664999999999999,0.06704354527094854
4.694999999999999,0.06620419176224424
4.725,0.06352203955698982
4.754999999999999,0.05807020743170533
4.784999999999999,0.04969661451079452
4.815,0.03922215646381175
4.844999999999999,0.02830714831079075
4.874999999999999,0.01900607585003874
4.904999999999999,0.01314902391334881
4.935,0.01175977561473165
4.964999999999999,0.01471797183046136
4.994999999999999,0.02079555729007918
5.024999999999999,0.0280713933143542
5.054999999999999,0.03459394753697125
5.084999999999999,0.03906548047292489
5.115,0.04129829517744002
5.144999999999999,0.04226030036789578
5.174999999999999,0.04367011803237825
5.205,0.04727641748623813
5.234999999999999,0.05409534577027526
5.264999999999999,0.06391911894572848
5.295,0.07531663812664634
5.324999999999999,0.08614846803195783
5.354999999999999,0.09439371499704524
5.385,0.09893847523034467
5.415,0.09998088909541461
5.444999999999999,0.09887330897173463
5.474999999999999,0.09747548873214344
5.505,0.09731488176403211
5.534999999999999,0.09893403583971384
5.564999999999999,0.1017106307984722
5.595,0.1042105819654787
5.624999999999999,0.1048893851158464
5.654999999999998,0.1028082305854886
5.685,0.09804430721546797
5.715,0.09163325736860124
5.744999999999999,0.0851022196956167
5.774999999999999,0.07982820460021832
5.805,0.07651254719928954
5.834999999999999,0.07498445490533648
5.864999999999999,0.07438388096052047
5.895,0.07360719074808494
5.925,0.07180104272051747
5.954999999999999,0.06869371473790331
5.984999999999999,0.06464372426288346
6.015,0.06041392674073808
6.044999999999999,0.05678861916205784
6.074999999999999,0.05420177115053081
6.105,0.05252593567276532
6.134999999999999,0.05110030346402354
6.164999999999999,0.04898435884500263
6.194999999999999,0.045343153430077
6.225,0.03982488052980034
6.255,0.03279205299349723
6.284999999999999,0.0253126671279922
6.315,0.01889499504929852
6.345,0.01503768661191043
6.374999999999999,0.01473832826649287
6.404999999999999,0.01813185131778723
6.434999999999999,0.02439913682963895
6.465,0.03199961292297211
6.494999999999999,0.03916615125716149
6.524999999999999,0.04449824088795914
6.555,0.04744181257811263
6.584999999999999,0.04847418333131534
6.614999999999999,0.04891355621330067
6.645,0.05040906397286128
6.674999999999999,0.05428916991930152
6.704999999999999,0.06100720164760036
6.734999999999999,0.0698978648519389
6.765,0.07935267265369345
6.794999999999999,0.08736915313103441
6.824999999999999,0.0922815486610182
6.855,0.09339580794184008
6.884999999999999,0.09126899349275462
6.914999999999999,0.08749823470099467
6.944999999999999,0.08407858310756343
6.974999999999999,0.08257758815998015
7.004999999999999,0.08347244416897565
7.034999999999999,0.08594743807050685
7.065,0.08826112074866699
7.094999999999999,0.08853897948858179
7.125,0.0856440985528915
7.154999999999999,0.07972769964679302
7.184999999999999,0.07219828381145803
7.215,0.06511535528614568
7.244999999999999,0.06028542199317636
7.274999999999999,0.05848045460832878
7.304999999999999,0.05913972712809539
7.335,0.06068284117797997
7.364999999999998,0.06127023286894123
7.394999999999999,0.05964157575896398
7.425,0.05564081449244235
7.454999999999998,0.05020305193586717
7.484999999999999,0.04484366038039717
7.515,0.04092013370638011
7.544999999999998,0.03902400650332444
7.575,0.03877289648649841
7.605,0.03906733912462755
7.634999999999998,0.03866091289891743
7.665,0.03676632579462963
7.694999999999999,0.03343143362802765
7.725,0.02954471844520454
7.755,0.02649803943176579
7.784999999999999,0.02566674271588469
7.815,0.02791525999457893
7.845,0.03329804048040962
7.874999999999998,0.0410350187976845
7.904999999999999,0.04974296597696398
7.935,0.05783219657335541
7.964999999999998,0.06394403891329356
7.994999999999999,0.0673040437261118
8.024999999999999,0.0678907785763157
8.054999999999998,0.06636547549465228
8.085000000000001,0.06377096621661685
8.114999999999998,0.06108064857722429
8.144999999999998,0.05873988721358157
8.175000000000001,0.05636628995343531
8.204999999999998,0.05274089167308506
8.234999999999999,0.04612976771863279
8.265000000000001,0.03485300222710663
8.294999999999998,0.01791290325353143
8.324999999999999,-0.00454690714785765
8.355,-0.03113105446878896
8.384999999999998,-0.05948412597969081
8.414999999999999,-0.08688063325995557
8.445,-0.1108829541652123
8.474999999999998,-0.1297960069223124
8.504999999999999,-0.1427157859292439
8.535,-0.1491285690073187
8.564999999999998,-0.1482119461217782
8.594999999999999,-0.1381410232696276
8.625,-0.1157450162746289
8.654999999999998,-0.07676115278010769
8.685,-0.01672143888155923
8.715,0.067736591677983
8.744999999999997,0.1775189233814641
8.775,0.3100951743333685
8.805,0.4591708489854427
8.834999999999999,0.6150743547233463
8.865,0.765730075375919
8.895,0.8980151248999099
8.924999999999999,0.9993395103657302
8.955,1.059344640151319
8.984999999999999,1.071563197882789
9.014999999999999,1.034716897013334
9.045,0.9532048552339513
9.074999999999998,0.8364537085199528
9.104999999999999,0.6971889865226935
9.135,0.5491275898310379
9.164999999999997,0.4047929231947858
9.195,0.2740034078362502
9.225,0.1632191825926715
9.254999999999997,0.07559804817103244
9.285,0.01147280334628564
9.315,-0.03098776056937353
9.344999999999999,-0.0550518437380731
9.375,-0.06467661153574177
9.404999999999999,-0.06379527128358806
9.434999999999999,-0.05574385761775404
9.465,-0.04294602684798797
9.494999999999999,-0.02691677068239308
9.524999999999999,-0.008540366856722832
9.555,0.01151694742067557
9.584999999999999,0.03243255911037733
9.614999999999998,0.05302561017925126
9.645,0.07177999945796036
9.674999999999999,0.08706260799499055
9.704999999999998,0.09745462129817022
9.734999999999999,0.1020951936668722
9.764999999999999,0.1009403322102018
9.795,0.09485596064296227
9.824999999999999,0.08549447403172131
9.854999999999999,0.07495635200011945
9.885,0.06531063622750523
9.914999999999999,0.05811820668563143
9.944999999999999,0.05413288142155979
9.975,0.05331623627395891
10.005,0.05519058279645345
10.035,0.05940779432355384
10.065,0.0662938698353782
10.095,0.07710202851595821
10.125,0.09379767592720797
10.155,0.118381165666635
10.185,0.1519576031687009
10.215,0.1938992807220766
10.245,0.2414502640974716
10.275,0.2899818759132448
10.305,0.3338721122856559
10.335,0.3677452459398531
10.365,0.3876691736579967
10.395,0.3919277527765471
10.425,0.3811549189276136
10.455,0.3578601605265643
10.485,0.3255819725670009
10.515,0.2879916475347912
10.545,0.2482156824303008
10.575,0.2085023337644747
10.605,0.1702087070729817
10.635,0.1339937069505517
10.665,0.1000883912720695
10.695,0.06855504650423126
10.725,0.03949577417543419
10.755,0.01319599519836566
10.785,-0.009815789903313022
10.815,-0.02881677676429222
10.845,-0.04304914958553231
10.875,-0.05193911984666923
10.905,-0.05528038269506856
10.935,-0.05329591409670719
10.965,-0.04656244656557661
10.995,-0.0358678579307902
11.025,-0.02210773841281065
11.055,-0.006282228889976815
11.085,0.01044144734667011
11.115,0.02670982691663041
11.145,0.04111052497462397
11.175,0.05246017580727893
11.205,0.0601518910604735
11.235,0.06439591749132909
11.265,0.06621628511062826
11.295,0.06717446291498143
11.325,0.0689168571109415
11.355,0.0727194964536176
11.385,0.07919715283137757
11.415,0.08826854581847139
11.445,0.0993671819068765
11.475,0.1118024763484811
11.505,0.1251319385616362
11.535,0.139404850355092
11.565,0.1551737948920682
11.595,0.1732359900601083
11.625,0.1941547710831812
11.655,0.2177061042422483
11.685,0.2424632387250965
11.715,0.265734571547998
11.745,0.2839803541714734
11.775,0.293665814357577
11.805,0.292319069971502
11.835,0.2794348277808811
11.865,0.2568689771994442
11.895,0.2285225970477517
11.925,0.1993661237284791
11.955,0.174104288848424
11.985,0.155923250190748
12.015,0.1457319839435426
12.045,0.142124688130026
12.075,0.1420308082637042
12.105,0.1417907302103632
12.135,0.1382801206358137
12.165,0.1297318251472639
12.195,0.1160442995863433
12.225,0.09855855890983864
12.255,0.07946052249723617
12.285,0.06106330815480197
12.315,0.04521632048889992
12.345,0.03299018067125787
12.375,0.02465275380466825
12.405,0.01984711854456851
12.435,0.01784688547003248
12.465,0.01779180461714708
12.495,0.01885855546744026
12.525,0.02036089498277866
12.555,0.02178971350741751
12.585,0.02281040113950351
12.615,0.02324526465006726
12.645,0.02307689644575257
12.675,0.02249604277046099
12.705,0.02197726729472799
12.735,0.0223180010259033
12.765,0.0245607373493306
12.795,0.02976162893179225
12.825,0.03865910869740221
12.855,0.05138069823443214
12.885,0.06734390430373426
12.915,0.0854319646393826
12.945,0.1043890948727426
12.975,0.1232574266134822
13.005,0.141641474624471
13.035,0.159661155401497
13.065,0.1776039670812689
13.095,0.1954340287615691
13.125,0.2123882845622605
13.155,0.2268588380317415
13.185,0.2366473178185408
13.215,0.2395363826956169
13.245,0.234009162908109
13.275,0.2198918171016053
13.305,0.1987045594026137
13.335,0.1735744941024414
13.365,0.1486756935938737
13.395,0.1282986529403398
13.425,0.1157809381750429
13.455,0.1126092038248631
13.485,0.1179869101469985
13.515,0.1290359696266886
13.545,0.1415953817827793
13.575,0.1513711780796135
13.605,0.1550677707127204
13.635,0.1511464550134758
13.665,0.1400044073076942
13.695,0.1235804267123817
13.725,0.1045829783162553
13.755,0.08563408036261556
13.785,0.06860768548182229
13.815,0.05433611542870109
13.845,0.04271079899942816
13.875,0.03306688798431751
13.905,0.02465898801090553
13.935,0.01703208676871233
13.965,0.01016517055988581
13.995,0.004381426477885547
14.025,0.0001240572717749422
14.055,-0.00225891881163246
14.085,-0.002610839315262398
14.115,-0.0009184471028131282
14.145,0.002820887972133444
14.175,0.008718912341807399
14.205,0.01702503146686041
14.235,0.02804157802093823
14.265,0.0419605343788503
14.295,0.05868873075583694
14.325,0.07773161269916866
14.355,0.09818775483090834
14.385,0.118875111784743
14.415,0.1385679661579032
14.445,0.1562753810972912
14.475,0.1714545373724697
14.505,0.1840525461755528
14.535,0.1943272898160967
14.565,0.2025010915178914
14.595,0.208404332195872
14.625,0.2113077264784977
14.655,0.2100822527534097
14.685,0.2036782322891182
14.715,0.1917472767538969
14.745,0.1751305176654942
14.775,0.1559622885995227
14.805,0.1372851112664893
14.835,0.1222724084657922
14.865,0.1133175776235528
14.895,0.1113028007444111
14.925,0.1152936850446744
14.955,0.1227554402828082
14.985,0.1302176350592361
15.015,0.1341851403022075
15.045,0.1320336165487121
15.075,0.1226436080731832
15.105,0.1066070803413122
15.135,0.08596452689724519
15.165,0.06357017983279667
15.195,0.04229669124933895
15.225,0.02433632254694452
15.255,0.01080955135459381
15.285,0.001768031014257384
15.315,-0.003471899084009564
15.345,-0.005841930776807272
15.375,-0.006088013200504097
15.405,-0.004541923143526196
15.435,-0.001143517437991368
15.465,0.004347627062679073
15.495,0.012077860403586
15.525,0.02189577353946823
15.555,0.03330709575574785
15.585,0.04560067262537954
15.615,0.0580818030630697
15.645,0.07030112364952952
15.675,0.08216792090232941
15.705,0.09388905436739609
15.735,0.1057577947580238
15.765,0.1178919420697633
15.795,0.1300489013240581
15.825,0.14161041623104
15.855,0.1517481691575039
15.885,0.159695166694002
15.915,0.1649999126133506
15.945,0.1676518535139222
15.975,0.1680273735147728
16.005,0.1666840320342308
16.035,0.1640927991819368
16.065,0.1604228313614144
16.095,0.1554765951723002
16.125,0.1488218931092328
16.155,0.1400942653160455
16.185,0.129366644774026
16.215,0.1174291810997595
16.245,0.105820811189874
16.275,0.09652457457663681
16.305,0.09137035460606965
16.335,0.0913337562115344
16.365,0.09600799636035083
16.395,0.1034998654928029
16.425,0.1108535701806514
16.45499999999999,0.1148932330950732
16.485,0.1131923136486588
16.515,0.1048144624850006
16.545,0.09055801138964467
16.575,0.0726346616836121
16.605,0.05393018875023211
16.635,0.03713698498339441
16.665,0.0240641480491358
16.695,0.01533071314144955
16.725,0.01048730570283518
16.755,0.008459040833747334
16.785,0.008108793915253817
16.815,0.008705904870141635
16.845,0.01014426220599005
16.875,0.01285961323925833
16.905,0.01751169791964605
16.935,0.02458236494573096
16.965,0.03406493283169557
16.995,0.04537331543802282
17.025,0.0575013487170589
17.055,0.06935561695910002
17.085,0.08011522582156952
17.115,0.08946789118458566
17.145,0.09763123166449465
17.175,0.1051615454180975
17.205,0.1126383899405383
17.235,0.120358267092079
17.265,0.1281607880044992
17.295,0.1354536979319562
17.325,0.1414226326877964
17.355,0.1453376796995913
17.385,0.1468294402889989
17.415,0.1460188334654833
17.445,0.1434454469023275
17.475,0.1398262428429655
17.505,0.1357530671683127
17.535,0.1314679577418047
17.565,0.126822844417737
17.595,0.1214471955326795
17.625,0.1150505979548995
17.655,0.1077212437708235
17.685,0.1000754228646385
17.715,0.09316933450937029
17.745,0.08817868223253866
17.775,0.08594657836741748
17.805,0.08656211695321379
17.835,0.08913956389882727
17.865,0.09191656705941011
17.895,0.09268980713008247
17.925,0.08948397499614055
17.955,0.081244316707292
17.985,0.06829910351168056
18.015,0.05238897329455314
18.045,0.03620430224011469
18.075,0.02256361850712452
18.105,0.0135256367700492
18.135,0.009775789924602206
18.165,0.01052991050440837
18.195,0.01398693174641843
18.225,0.01813186966897463
18.255,0.0215469451093472
18.285,0.02389887249915265
18.315,0.02592566155956394
18.345,0.02896962675117138
18.375,0.03429041108377646
18.405,0.04246351700313618
18.435,0.05310641917783469
18.465,0.06501718446206166
18.495,0.07663532444301589
18.525,0.086614178412149
18.555,0.09426946883130034
18.585,0.09973825719065095
18.615,0.1038095156615255
18.645,0.1075181086204766
18.675,0.1116785378933021
18.705,0.1165450767095049
18.735,0.1217224298838591
18.765,0.1263447471289053
18.795,0.1294347052851449
18.825,0.1302898109637231
18.855,0.1287425710619173
18.885,0.125200604272114
18.915,0.1204649068268532
18.945,0.1154116195669203
18.975,0.1106718864573337
19.005,0.1064392749137599
19.035,0.1024789235498662
19.065,0.09832895129054016
19.095,0.09360433410461343
19.125,0.08826746920219004
19.155,0.08273778951657718
19.185,0.07777529715529574
19.215,0.07416794955786533
19.245,0.07234280516808846
19.275,0.07206662568669911
19.305,0.0723800508079217
19.335,0.07182511378573544
19.365,0.0689107634436457
19.395,0.06266126698789642
19.425,0.05304815800716481
19.455,0.0411357818920855
19.485,0.02886352801065204
19.515,0.01851246163885137
19.545,0.01201856821331408
19.575,0.0103606860931472
19.605,0.0132430700061858
19.635,0.01920542306700588
19.665,0.02614751848161832
19.695,0.03209688015857489
19.725,0.03593742009535016
19.755,0.03780871499816894
19.785,0.03899943688674541
19.815,0.04136057356928088
19.845,0.04647254709048555
19.875,0.05491849368934921
19.905,0.06598055068155131
19.935,0.07789412802286833
19.965,0.0885469358999168
19.995,0.09631127175216851
20.025,0.1006439875231933
20.055,0.1022027721815212
20.085,0.1024522317892254
20.115,0.1029599360862863
20.145,0.1047066020629682
20.175,0.1077058569116905
20.205,0.1110719027659755
20.235,0.1134688863952464
20.265,0.1137185875804042
20.295,0.1112970199423742
20.325,0.1065235977915847
20.355,0.1003941323580068
20.385,0.09416036365687333
20.415,0.0888508730005273
20.445,0.08493081441440503
20.475,0.08222112611220472
20.505,0.08008208404417937
20.535,0.07776118360988914
20.565,0.07475017921230211
20.595,0.07100555754026297
20.625,0.06695021975943644
20.655,0.0632635713483518
20.685,0.06054906111058894
20.715,0.0590149049521352
20.745,0.05830089911765909
20.775,0.05753332364802859
20.805,0.05560716736132847
20.835,0.05160722950469468
20.865,0.04521789686560318
20.895,0.03696076023128808
20.925,0.02814921289955339
20.955,0.02054701135231033
20.985,0.01582994592175559
21.015,0.01503308573539917
21.045,0.01818503991567098
21.075,0.02427344114559675
21.105,0.03157065722845125
21.135,0.03821742341720814
21.165,0.04286354853221865
21.195,0.04513615745518348
21.225,0.04575922211767226
21.255,0.0462672335879059
21.285,0.04840201430934098
21.315,0.05340502592532646
21.345,0.06147163096130707
21.375,0.07159091442317729
21.405,0.08185929320502039
21.435,0.09017046238907236
21.465,0.09501952755519119
21.495,0.09609029380729811
21.525,0.09436505626023459
21.555,0.09169004806700873
21.585,0.08996923374393156
21.615,0.09033486734863753
21.645,0.09266601314108705
21.675,0.09567549898365053
21.705,0.09752621718394523
21.735,0.09669163349121927
21.765,0.09266269774409852
21.795,0.08617991098055187
21.825,0.07889721288023076
21.855,0.07265096923513009
21.885,0.06868304713206039
21.915,0.06717081133816423
21.945,0.06725532071630225
21.975,0.06751852006257146
22.005,0.06665982088074583
22.035,0.06405304868962226
22.065,0.05994721781607289
22.095,0.05525636483980252
22.125,0.05107140729046435
22.155,0.04813546973547578
22.185,0.04651493844943815
22.215,0.04559116606702961
22.245,0.04435180510570582
22.275,0.04184243052279695
22.305,0.0375911699246668
22.335,0.03184756468879817
22.365,0.02555740771137888
22.395,0.02009068662032488
22.425,0.01681771963725042
22.455,0.01667076274533309
22.485,0.01982988303466871
22.515,0.02563614535241429
22.545,0.03277028453075143
22.575,0.03965429605306073
22.605,0.04495695683672563
22.635,0.04803750354369395
22.665,0.04916693307815252
22.695,0.04943133522011945
22.725,0.05033077165596324
22.755,0.05320315105562799
22.785,0.05867935855719311
22.815,0.06637861654953571
22.845,0.07497431272601852
22.875,0.0826257592757448
22.905,0.08762993708878243
22.935,0.08905378936412725
22.965,0.08710100025639109
22.995,0.08305570234492647
23.025,0.07880218167234969
23.055,0.07608911044725565
23.085,0.07582294638364458
23.115,0.07768471629094954
23.145,0.08025095092167507
23.175,0.08159696860094301
23.205,0.08014772487917468
23.235,0.07541335047513072
23.265,0.06827239156771557
23.295,0.06065014724372209
23.325,0.05471007461933106
23.355,0.05190997654003453
23.385,0.05235466805503844
23.415,0.05475319795336614
23.445,0.05701077952073168
23.475,0.05718391244654619
23.505,0.05435082535633041
23.535,0.04898925835271273
23.565,0.04269301044610752
23.595,0.03737919066706769
23.625,0.03437971698690918
23.655,0.03385441787851216
23.685,0.03479229461279666
23.715,0.03557386356604275
23.745,0.03480087206691747
23.775,0.03198907672062398
23.805,0.02780900436169633
23.835,0.02379080162574257
23.865,0.02165984100496731
23.895,0.02261948270466195
23.925,0.0268878851860767
23.955,0.03365190053353117
23.985,0.04140764147745134
24.015,0.04850838551915633
24.045,0.05369218980753181
24.075,0.05641223098999438
24.105,0.05689664145683476
24.135,0.05596513615195219
24.165,0.05469111087554389
24.195,0.05401602894261866
24.225,0.05441490603817545
24.255,0.05569515962304482
24.285,0.05698957151258344
24.315,0.05696844263896318
24.345,0.0542386056396711
24.375,0.047826779063916
24.405,0.03759025071111425
24.435,0.02439374539042439
24.465,0.009956456595827593
24.495,-0.003605998986768883
24.525,-0.0143894094124332
24.555,-0.02122229604037455
24.585,-0.02387726515748295
24.615,-0.02286127753430821
24.645,-0.01884667544320428
24.675,-0.01196875934513182
24.705,-0.001299077887044695
24.735,0.01523650132802991
24.765,0.04038335831942774
24.795,0.0766342932895043
24.825,0.1251557968705721
24.855,0.1849470908267628
24.885,0.2525462032931617
24.915,0.3224001416566148
24.945,0.3877745865716538
24.975,0.441902796603021
25.005,0.4790437393433493
25.035,0.4952368960602621
25.065,0.4887197037873144
25.095,0.4600907393042181
25.125,0.4122859822487346
25.155,0.3503278420273843
25.185,0.2807351585205401
25.215,0.2105541117124815
25.245,0.1461681872071395
25.275,0.09222976516012356
25.305,0.05107339240217872
25.335,0.02278211309205083
25.365,0.005792944448411279
25.395,-0.002278563829013671
25.425,-0.003928449314862034
25.455,-0.001346337005365112
25.485,0.003733557247331332
25.515,0.01004790441613717
25.545,0.01680068823008794
25.575,0.02365554971854121
25.605,0.03066070175885002
25.635,0.03805118942860312
25.665,0.04595646186460562
25.695,0.05412988063478185
25.725,0.06184016379187091
25.755,0.06800129590715082
25.785,0.07150481746132516
25.815,0.07162264246982164
25.845,0.06831922711994699
25.875,0.06235545264728382
25.905,0.05515137005800176
25.935,0.04845809461211666
25.965,0.04394230590580031
25.995,0.04280430793337577
26.025,0.04553957084877032
26.055,0.05191984310590033
26.085,0.06121312242276785
26.115,0.07258451511062357
26.145,0.08553968521702671
26.175,0.1002235370010455
26.205,0.1174057256841481
26.235,0.138086302424811
26.265,0.1628138692544424
26.295,0.1909620294565001
26.325,0.2202829329321597
26.355,0.2470003089136837
26.385,0.2665242235961386
26.415,0.2746301039656152
26.445,0.2687428282722881
26.475,0.2488906540219632
26.505,0.2179812846973063
26.535,0.1812735053793467
26.565,0.1451876014245599
26.595,0.1158134166633285
26.625,0.0975590869157749
26.655,0.09231336003746275
26.685,0.09930509448705525
26.715,0.115610028432941
26.745,0.1370641903290659
26.775,0.1592630965001355
26.805,0.1783748938685076
26.835,0.1916311724082552
26.865,0.1975005243072967
26.895,0.1956296745204599
26.925,0.1866422657611903
26.955,0.1718547427874381
26.985,0.1529503579784315
27.015,0.1316616339702455
27.045,0.1095247522332184
27.075,0.08775314801309964
27.105,0.06722679282171387
27.135,0.04854043261215727
27.165,0.03204143447848455
27.195,0.01783022883550059
27.225,0.005762107217202982
27.255,-0.004477382905797372
27.285,-0.01318555000892257
27.315,-0.02039221473833669
27.345,-0.02567095739802301
27.375,-0.0281428075344511
27.405,-0.02672014579217136
27.435,-0.02050947466135111
27.465,-0.009193642795543156
27.495,0.006791530583235884
27.525,0.02637776144468031
27.555,0.04823144614088412
27.585,0.07120165100833903
27.61499999999999,0.09464988810811807
27.645,0.1185195377100172
27.675,0.1431145230175052
27.705,0.1686711138114402
27.735,0.1948826821710394
27.765,0.2205583047803102
27.795,0.2435649455280897
27.825,0.2611294642835438
27.855,0.27047256572385
27.885,0.2696303268421666
27.915,0.2582220500408186
27.945,0.2378882170999101
27.975,0.2121836146002545
28.005,0.1858696009628769
28.035,0.1637602139601689
28.065,0.1494575416052382
28.095,0.1443803793822127
28.125,0.1474072436638354
28.155,0.15524821128778
28.185,0.1634140055086092
28.215,0.1674634134566915
28.245,0.1641459912581044
28.275,0.1521233941898407
28.305,0.132109759607144
28.335,0.1064597344571853
28.365,0.07839416029833748
28.395,0.05114186456113234
28.425,0.02726480746353986
28.455,0.008328743982793456
28.485,-0.005072072397297922
28.515,-0.01305969900958267
28.545,-0.01616261023336843
28.575,-0.0150870863335896
28.605,-0.01061307088753731
28.635,-0.003573329874778302
28.665,0.005157789087358472
28.695,0.01471787886382504
28.725,0.0243579939587272
28.755,0.03356173228762149
28.785,0.04214014117692199
28.815,0.05026723295587408
28.845,0.05843238379425267
28.875,0.06729987610008868
28.905,0.07749039577580907
28.935,0.08933772916653479
28.965,0.1027105729554239
28.995,0.1169934900134804
29.025,0.1312698291032776
29.055,0.144653181471785
29.085,0.1566205746147015
29.11499999999999,0.167170728786201
29.14499999999999,0.1766973816473236
29.175,0.1856086393791411
29.205,0.193867303286097
29.235,0.2006932808477517
29.265,0.2046150598064431
29.295,0.2039047577772672
29.325,0.197254540636412
29.355,0.1844356483206007
29.385,0.1666751485477156
29.415,0.1465849250424664
29.445,0.1276331900890012
29.47499999999999,0.1132986846220528
29.505,0.1061451810339491
29.535,0.1070796806983381
29.565,0.1150138400206289
29.595,0.1270469383814433
29.625,0.1391487911135396
29.655,0.1471722898772564
29.685,0.147911853952913
29.715,0.1398936184573108
29.745,0.1236617940391128
29.775,0.1014944700881665
29.80499999999999,0.07667655398049288
29.835,0.05259632408844841
29.865,0.03196055556242424
29.895,0.01634112959642229
29.925,0.006121981096804502
29.955,0.0007743986162503043
29.985,-0.0007003703402466585
30.015,0.0006581516086020996
30.045,0.004047102744531503
30.075,0.008969316592130901
30.105,0.01512955484644306
30.13499999999999,0.02226238516000155
30.16499999999999,0.0300132363690929
30.195,0.03795069351919863
30.225,0.04570491061286279
30.255,0.05314812337876056
30.285,0.06050247558063944
30.315,0.06829509162027329
30.345,0.07716031880725339
30.375,0.08756897786215412
30.405,0.09960160466514097
30.435,0.1128613203927865
30.465,0.1265587778429749
30.49499999999999,0.1397309567431019
30.525,0.1515076575115349
30.555,0.1613272143831249
30.585,0.1690232039466976
30.615,0.1747476277955388
30.645,0.1787540946626263
30.675,0.1811250558920282
30.705,0.1815697276272779
30.735,0.1794173216691485
30.765,0.1738659972301081
30.79499999999999,0.1644325470103848
30.825,0.15142787707005
30.85499999999999,0.1362239019575542
30.885,0.1211259014558875
30.915,0.1088166209386441
30.945,0.1015317499137692
30.975,0.1002677321566319
31.005,0.104338075130283
31.035,0.111470069933626
31.065,0.1184256443603093
31.095,0.1219322942938252
31.125,0.1196062146613854
31.15499999999999,0.1105731645768964
31.185,0.09561796774352692
31.215,0.07685957395044453
31.245,0.05709258519131372
31.275,0.03901847726703064
31.305,0.02459862369392808
31.335,0.01470426724988004
31.365,0.009134716321996266
31.395,0.006952947868811058
31.425,0.006985257293948205
31.45499999999999,0.008286539696118825
31.485,0.01040544694461783
31.51499999999999,0.01338132270885183
31.545,0.01752334264700056
31.575,0.02310753880653363
31.605,0.0301438692995122
31.635,0.03831350569413577
31.665,0.04708779981519536
31.695,0.05595789303005907
31.725,0.06466041818905956
31.755,0.07329203070734017
31.785,0.08225552334941146
31.81499999999999,0.09205204236551875
31.845,0.1030007653472999
31.87499999999999,0.1150036223366342
31.90499999999999,0.1274613085354686
31.935,0.1393881791771739
31.965,0.149689123490156
31.995,0.1574880402540715
32.025,0.1623709557468745
32.055,0.1644427816150202
32.085,0.1641802453522606
32.11499999999999,0.1621553197669337
32.145,0.1587601362424247
32.175,0.154060794943475
32.20499999999999,0.1478480988938455
32.23499999999999,0.1398665982857365
32.26499999999999,0.13012573648921
32.295,0.119156308694721
32.325,0.1080840895553625
32.355,0.09844795965624976
32.385,0.09177872482610633
32.415,0.08905368926819981
32.445,0.09021790716770284
32.47499999999999,0.09397941958712488
32.505,0.09801840691193331
32.535,0.0996064000979303
32.56499999999999,0.09645968524568695
32.59499999999999,0.08752653092530994
32.62500000000001,0.07339903280030431
32.655,0.05616812688879343
32.685,0.03875881499190569
32.715,0.02399574407223541
32.745,0.0137576525341514
32.775,0.008532299309878491
32.805,0.00750609840735016
32.83499999999999,0.009100400800777996
32.86499999999999,0.01169963534062106
32.895,0.01427078955576954
32.92499999999999,0.01665320630368902
32.95500000000001,0.01945302168973657
32.985,0.02363588155645339
33.015,0.03001425580200598
33.045,0.03884271232233506
33.075,0.04967134873856063
33.105,0.06149532397028699
33.135,0.07312084842818034
33.165,0.08358784800915031
33.19499999999999,0.092475320210112
33.22499999999999,0.0999708928629552
33.255,0.1066874299174455
33.28499999999999,0.1133139703242768
33.315,0.1202524247737237
33.345,0.1273904431962473
