time_ps,trace
2.654999999999999,1.539555784116849e-06
2.685,4.442297687195758e-06
2.715,3.050759837385021e-06
2.744999999999999,1.635275823807649e-06
2.774999999999999,-2.996804473161511e-06
2.804999999999999,-3.898600612773839e-07
2.835,-1.627489294231356e-06
2.865,1.599499528219701e-06
2.894999999999999,-1.121044553767663e-06
2.924999999999999,-2.27587192641837e-07
2.955,1.659833432677464e-06
2.984999999999999,-1.89389114226197e-06
3.015,8.54940009162742e-08
3.044999999999999,3.213499259802403e-06
3.074999999999999,-2.00780936829249e-06
3.105,3.446012034378425e-06
3.134999999999999,-1.02667755158656e-07
3.165,-5.042633359217744e-07
3.194999999999999,5.649885265924951e-07
3.225,2.145738431040653e-06
3.254999999999999,2.334479505561841e-06
3.284999999999999,-8.460768661705585e-07
3.315,-3.564813410928574e-06
3.345,5.644316852617998e-07
3.375,-2.971248705314965e-06
3.404999999999999,7.716192766162033e-07
3.435,-1.321643333585388e-06
3.464999999999999,-8.269032909862754e-07
3.495,1.857652768517373e-06
3.524999999999999,-1.523463101329222e-07
3.554999999999999,3.003179278926623e-06
3.585,1.017018483957926e-06
3.614999999999999,1.992464029293808e-06
3.644999999999999,2.879523548878849e-06
3.674999999999999,2.640373495718879e-06
3.704999999999999,-1.422508337153567e-06
3.734999999999999,7.436147880136726e-07
3.764999999999999,-4.490164033637482e-06
3.795,2.477548485687502e-06
3.825,2.079889084687916e-06
3.854999999999999,1.595835683418476e-06
3.885,-1.233610240292983e-06
3.915,3.136505575270117e-06
3.944999999999999,5.71301043086325e-07
3.975,-1.647794438825017e-06
4.004999999999999,1.029227847494988e-08
4.034999999999999,9.620054169590586e-07
4.065,-4.255301352396995e-07
4.095,-5.06539460451388e-06
4.124999999999999,3.148898762207965e-06
4.154999999999999,-2.359798877549049e-07
4.185,1.615341504880734e-06
4.214999999999999,-1.078740316383939e-06
4.244999999999999,-3.900879085323185e-06
4.274999999999999,-2.588338999965452e-06
4.304999999999999,-3.483758957303993e-07
4.335,-1.519790246130425e-06
4.364999999999999,-2.353762400859319e-06
4.395,-3.508317503074553e-06
4.425,-5.131909669203912e-08
4.454999999999999,8.265882812962845e-08
4.484999999999999,1.544768984311582e-07
4.515,-2.121442179410602e-06
4.544999999999999,-2.286523211954771e-06
4.574999999999999,1.186026313290331e-06
4.605,1.869620268518614e-06
4.635,1.49974513117892e-06
4.664999999999999,5.256259081471695e-07
4.694999999999999,-2.320606627320091e-06
4.725,-4.996520748894694e-07
4.754999999999999,-6.032279418826617e-07
4.784999999999999,-5.027314858821637e-07
4.815,-6.524804015183364e-07
4.844999999999999,1.41203733578215e-06
4.874999999999999,2.942571498499918e-06
4.904999999999999,-2.831223915920108e-06
4.935,2.971538321939159e-06
4.964999999999999,2.06464304425009e-06
4.994999999999999,-4.945663945855015e-07
5.024999999999999,-2.223847341050226e-06
5.054999999999999,-5.455032919242115e-07
5.084999999999999,2.594729792077812e-06
5.115,-7.585297702564263e-07
5.144999999999999,1.025568572706696e-07
5.174999999999999,1.224415048544226e-06
5.205,-8.808559961880806e-07
5.234999999999999,-2.886579953565544e-06
5.264999999999999,3.646316537636758e-07
5.295,-1.922772103279112e-06
5.324999999999999,-2.534447727199716e-06
5.354999999999999,-7.818403771020998e-07
5.385,-4.553579164728351e-07
5.415,4.637078086950361e-07
5.444999999999999,2.114958292483019e-06
5.474999999999999,-1.948226868665932e-06
5.505,4.596563347321315e-07
5.534999999999999,4.050655884455922e-06
5.564999999999999,1.392169302395687e-06
5.595,-2.603790425128021e-06
5.624999999999999,5.38029215061504e-06
5.654999999999998,8.398051987087984e-07
5.685,4.424339099851982e-06
5.715,-6.239780827729195e-07
5.744999999999999,-2.052955806364394e-06
5.774999999999999,1.323572482725844e-06
5.805,-1.79831266397968e-06
5.834999999999999,-1.850892731596835e-06
5.864999999999999,2.145606263492805e-07
5.895,1.455363376111352e-06
5.925,1.034487710059205e-06
5.954999999999999,-2.747671394576212e-08
5.984999999999999,-2.830097028069497e-06
6.015,3.427282062274219e-06
6.044999999999999,5.555155064244319e-06
6.074999999999999,-1.292708979453772e-07
6.105,-1.881982361106975e-06
6.134999999999999,-3.755949896421537e-06
6.164999999999999,-5.076223927027654e-07
6.194999999999999,3.358426251946246e-07
6.225,-4.617785788253205e-07
6.255,1.08944917142197e-06
6.284999999999999,1.679229559834339e-06
6.315,-6.026745280282055e-07
6.345,4.102919955025972e-07
6.374999999999999,-2.733708052525237e-06
6.404999999999999,-1.950319567445985e-06
6.434999999999999,3.864484953951253e-07
6.465,2.119826063334135e-06
6.494999999999999,1.276792863644455e-06
6.524999999999999,-2.282468860650868e-06
6.555,3.991385756612915e-06
6.584999999999999,1.777816441130042e-06
6.614999999999999,2.465264055043345e-08
6.645,2.118054043801656e-06
6.674999999999999,2.69985280136089e-06
6.704999999999999,-5.057017527083886e-07
6.734999999999999,-2.407318780268844e-06
6.765,-4.769181893761075e-07
6.794999999999999,5.448340020390227e-06
6.824999999999999,9.246790855815161e-07
6.855,1.327278589417238e-06
6.884999999999999,3.758510004233913e-06
6.914999999999999,2.701390424897625e-06
6.944999999999999,1.805457966939884e-06
6.974999999999999,-2.81665748769807e-06
7.004999999999999,-3.847133068408688e-07
7.034999999999999,-2.407027850684492e-06
7.065,-3.377489230713387e-07
7.094999999999999,-1.014295644500554e-06
7.125,-1.1120027730543e-06
7.154999999999999,4.688150450573095e-06
7.184999999999999,6.495131667939164e-07
7.215,-2.176981842586401e-06
7.244999999999999,-5.10652263748879e-07
7.274999999999999,1.369067434034464e-06
7.304999999999999,-1.531148757646754e-06
7.335,9.625989601416522e-07
7.364999999999998,-4.043718319292518e-07
7.394999999999999,-2.107558473456823e-06
7.425,2.922798032229095e-06
7.454999999999998,-1.772743690515565e-06
7.484999999999999,-5.185454805250317e-07
7.515,5.598164402715287e-07
7.544999999999998,-3.710316607505055e-07
7.575,1.673111737717382e-06
7.605,-5.387182346104722e-08
7.634999999999998,2.294932268277999e-06
7.665,1.574279045085713e-07
7.694999999999999,-2.012521928121186e-07
7.725,-3.605343171214485e-07
7.755,-8.024761454957494e-07
7.784999999999999,-2.075738062946273e-06
7.815,-6.246404907971932e-06
7.845,-1.963751246076057e-06
7.874999999999998,1.076151790899899e-06
7.904999999999999,6.566832906951753e-07
7.935,2.240069249669749e-06
7.964999999999998,4.236936108155586e-06
7.994999999999999,2.076511756448279e-06
8.024999999999999,-3.149776873345256e-06
8.054999999999998,-2.822610537668281e-07
8.085000000000001,4.900692608424739e-06
8.114999999999998,8.936769736140275e-07
8.144999999999998,1.982263263786052e-06
8.175000000000001,-3.274174543665297e-06
8.204999999999998,-2.136913068573597e-06
8.234999999999999,5.976452175710705e-07
8.265000000000001,1.812610944697029e-06
8.294999999999998,-5.715918401076484e-07
8.324999999999999,-1.722967470671292e-08
8.355,2.243314149546734e-07
8.384999999999998,4.527420957504795e-06
8.414999999999999,-5.033118867601299e-08
8.445,1.212930477283982e-07
8.474999999999998,-7.757487752962748e-07
8.504999999999999,-1.335900462635107e-06
8.535,2.430951493119851e-06
8.564999999999998,-1.560064938069955e-06
8.594999999999999,-6.406456932450677e-07
8.625,-1.010251540373239e-06
8.654999999999998,-2.597320649386833e-06
8.685,2.410493581059703e-06
8.715,-3.893871131886717e-06
8.744999999999997,2.745176224493943e-06
8.775,-8.462096297246965e-08
8.805,-1.39174187106187e-06
8.834999999999999,-1.464482515624093e-07
8.865,-2.539054962947575e-06
8.895,1.43701692031234e-06
8.924999999999999,-3.292594761837228e-06
8.955,-1.682314778692073e-06
8.984999999999999,-8.137036466258907e-07
9.014999999999999,-3.326169997957228e-06
9.045,-2.530132145879029e-06
9.074999999999998,1.5453166390322e-06
9.104999999999999,-1.517425798529606e-07
9.135,2.832402608184126e-06
9.164999999999997,1.200013565550405e-06
9.195,-1.438495769429555e-06
9.225,4.388714006446767e-06
9.254999999999997,-9.374455725132472e-07
9.285,-9.934644973732046e-08
9.315,1.2626795605538e-07
9.344999999999999,2.616603113261146e-07
9.375,-8.747631953026289e-07
9.404999999999999,-4.00849787906719e-07
9.434999999999999,-1.152961226218879e-06
9.465,-1.562460722526139e-06
9.494999999999999,-3.3882657892463e-06
9.524999999999999,6.846593217269166e-07
9.555,-1.121851050626434e-06
9.584999999999999,-7.655963797817238e-07
9.614999999999998,-7.732418090115357e-07
9.645,-1.822400897284835e-06
9.674999999999999,1.463673518761754e-06
9.704999999999998,-4.324622553627134e-06
9.734999999999999,3.289673605160869e-07
9.764999999999999,1.293152629855236e-06
9.795,-1.342314617697876e-06
9.824999999999999,-1.928738226808675e-06
9.854999999999999,-4.597741998981636e-07
9.885,2.252250548574405e-06
9.914999999999999,-9.534105569891649e-07
9.944999999999999,2.530705039163056e-06
9.975,-1.698985891807059e-06
10.005,1.461772465467803e-07
10.035,-3.413085407449196e-06
10.065,-4.698893019752792e-06
10.095,-3.214791766209535e-06
10.125,3.167009870665149e-06
10.155,1.100826008468628e-06
10.185,1.772197909623296e-06
10.215,-1.648146435172509e-06
10.245,2.180671886162656e-06
10.275,-8.39526829185186e-07
10.305,3.710306915698236e-07
10.335,-4.395548495773893e-07
10.365,1.237456654624991e-06
10.395,-4.998432350314386e-07
10.425,8.419843783823155e-07
10.455,3.895708204637582e-07
10.485,-2.146068040727311e-06
10.515,1.612536474470544e-06
10.545,-2.134192908388038e-07
10.575,2.193021102891296e-07
10.605,1.867350062152023e-06
10.635,-2.049813698262043e-06
10.665,-2.282795079436468e-06
10.695,3.507771601774477e-06
10.725,2.71537059677758e-06
10.755,2.147172654958125e-07
10.785,-5.05658833655203e-07
10.815,1.132739069124519e-06
10.845,-1.055888406809296e-06
10.875,8.807550455143705e-07
10.905,3.406582837014397e-06
10.935,-6.764516951923358e-07
10.965,-1.817100408820025e-06
10.995,-6.826786077803251e-08
11.025,5.025201825601018e-07
11.055,-9.281951510962125e-07
11.085,-1.190813558523806e-06
11.115,2.938877145254072e-06
11.145,1.405185161050884e-06
11.175,4.002946564513749e-07
11.205,4.501855160859297e-07
11.235,-4.010977564535001e-06
11.265,-9.384119671607127e-07
11.295,-1.183545530473312e-06
11.325,9.421875982983108e-07
11.355,5.895065216643403e-06
11.385,3.943302964257156e-06
11.415,-7.210830638565424e-07
11.445,-2.971032176085631e-06
11.475,3.903461916615614e-07
11.505,-1.422344168770795e-06
11.535,5.928008081565461e-07
11.565,1.744549285122299e-06
11.595,1.401814545987784e-06
11.625,6.585448675613947e-08
11.655,-2.997336542194529e-06
11.685,-7.23672996801733e-07
11.715,-3.769729661241839e-07
11.745,-3.149059805713367e-07
11.775,-1.590954193322544e-06
11.805,3.865096836553131e-08
11.835,1.423295885584876e-06
11.865,1.280300237082362e-06
11.895,-1.048662306737252e-06
11.925,-2.802700416937656e-06
11.955,4.661428031627057e-07
11.985,4.590488863179601e-06
12.015,-1.260522818563072e-06
12.045,-5.718026883797314e-07
12.075,-1.077698401780354e-06
12.105,2.355411459946735e-07
12.135,-1.234154688519937e-06
12.165,8.929805601202469e-07
12.195,-2.49483044831929e-06
12.225,-1.483680177735084e-06
12.255,-1.559580009678025e-06
12.285,1.158160255917279e-06
12.315,-1.297707883079341e-06
12.345,-4.138811870219375e-06
12.375,5.597931007818996e-07
12.405,-3.666624757644316e-06
12.435,-3.022276467007368e-06
12.465,-3.429790732985272e-07
12.495,3.653057220569592e-06
12.525,1.726960876975714e-06
12.555,-8.591963879447245e-07
12.585,7.714562432767705e-07
12.615,1.400547126404438e-06
12.645,8.164423923075204e-07
12.675,-4.594731329836009e-07
12.705,-4.77189269724055e-07
12.735,-9.577960444727418e-08
12.765,-4.299166274650441e-06
12.795,-2.146474918473217e-06
12.825,1.390729836389659e-06
12.855,2.423730368987173e-06
12.885,6.690064023942566e-08
12.915,1.784573008959192e-06
12.945,-8.137435767857637e-07
12.975,1.606925457888625e-08
13.005,2.392589716738482e-06
13.035,-2.107365650266466e-06
13.065,3.138313771399674e-06
13.095,-1.540752808892442e-06
13.125,2.325791469879506e-06
13.155,-5.76258993168887e-07
13.185,-1.847117446953229e-07
13.215,-7.087067024907239e-07
13.245,-2.679307244364071e-07
13.275,9.300694639188898e-07
13.305,-8.133912171254341e-07
13.335,6.297385284747409e-07
13.365,-6.608006617859867e-07
13.395,2.740299293556292e-08
13.425,-1.226320272515978e-06
13.455,1.348933646664295e-06
13.485,3.529143948076061e-07
13.515,-5.306160062048312e-06
13.545,1.997083579856253e-06
13.575,5.717392171007175e-07
13.605,3.060913342048952e-06
13.635,1.07346300758592e-06
13.665,2.693547387299885e-06
13.695,5.359660209335146e-08
13.725,-2.554508379572478e-07
13.755,3.337635200697988e-06
13.785,2.323955414585376e-06
13.815,-1.950981246036376e-07
13.845,-6.23419667570603e-07
13.875,2.18828608352338e-06
13.905,-1.865937019324311e-06
13.935,-5.018183647959983e-06
13.965,-6.155279295471175e-07
13.995,-8.416937466964973e-07
14.025,-2.335480993528871e-06
14.055,-4.463998861062995e-07
14.085,3.462330646291029e-06
14.115,9.820794890386814e-07
14.145,-1.056583031277863e-06
14.175,1.052936792595187e-06
14.205,1.949623165291509e-06
14.235,-9.594549021615419e-08
14.265,2.877766653277408e-06
14.295,1.434618285394915e-06
14.325,-1.141330319940313e-06
14.355,-5.905870850255249e-07
14.385,-3.834128965961477e-06
14.415,-4.991557770034349e-07
14.445,-4.505661943258153e-06
14.475,-2.523723828003546e-06
14.505,-6.198771891254701e-07
14.535,-6.552787737996307e-07
14.565,-2.054058889085913e-06
14.595,9.099822770395477e-07
14.625,5.023567383084793e-07
14.655,2.322306105681515e-07
14.685,-2.283957187078356e-06
14.715,-6.58480701961478e-08
14.745,-1.559870135386422e-06
14.775,-8.283588933755484e-08
14.805,2.641255128742626e-06
14.835,-1.550691181803968e-06
14.865,-4.535571207359146e-07
14.895,1.864064734884846e-06
14.925,-1.360915066250801e-06
14.955,1.946058542076634e-06
14.985,4.410619306741137e-06
15.015,-1.295976497506235e-07
15.045,1.619826575649519e-06
15.075,-3.790430230382613e-07
15.105,2.141889436646505e-07
15.135,1.924815782289313e-06
15.165,3.43621964912777e-06
15.195,-1.996212415089627e-07
15.225,1.370731375821554e-06
15.255,6.071106643343316e-06
15.285,1.318495255725471e-06
15.315,1.706661154961264e-06
15.345,-2.384724929184847e-06
15.375,-2.526618544662629e-06
15.405,6.214887325578511e-06
15.435,-2.267513397880005e-07
15.465,-1.062217251712738e-06
15.495,-2.078424902074438e-06
15.525,-3.822395494013087e-07
15.555,7.468997412773959e-07
15.585,1.454797784683493e-06
15.615,6.301082106086042e-07
15.645,-3.758671936582303e-06
15.675,-1.257736384818742e-06
15.705,2.849806297722246e-06
15.735,5.130442132794677e-07
15.765,1.682465237518027e-06
15.795,3.214409885154978e-06
15.825,-3.798589030629129e-06
15.855,2.227235682522588e-06
15.885,1.979428672277406e-06
15.915,1.8987751442337e-08
15.945,-2.451101707372227e-06
15.975,1.568148273456416e-06
16.005,9.877090808574351e-07
16.035,3.192705540680518e-06
16.065,1.777800114566297e-06
16.095,-2.300121897585994e-06
16.125,3.550275477215425e-07
16.155,6.541894927436509e-07
16.185,-9.216503834980072e-07
16.215,9.529262968571706e-07
16.245,-1.603381959924821e-06
16.275,2.329873680650962e-06
16.305,3.921076579531391e-06
16.335,2.286665905459895e-06
16.365,-1.13806081218637e-07
16.395,2.627806310016856e-07
16.425,-1.061421169944524e-06
16.45499999999999,-3.886967524097118e-07
16.485,-1.259663994761934e-06
16.515,1.154510897567046e-06
16.545,1.960554856447749e-07
16.575,1.335357102054402e-06
16.605,-2.210356064569208e-07
16.635,8.618551658040596e-07
16.665,-7.125407240488046e-07
16.695,6.159449134901518e-07
16.725,-2.884525397706117e-08
16.755,-4.228119329929836e-07
16.785,-4.984828343788938e-06
16.815,-5.17018384913609e-07
16.845,1.205589347048376e-06
16.875,-6.789265069358924e-07
16.905,7.671181864246646e-07
16.935,2.624659055247558e-06
16.965,-7.183294228885195e-08
16.995,-1.919657983580347e-06
17.025,2.277344561138483e-06
17.055,-1.188879052226033e-06
17.085,3.234243057398389e-08
17.115,-7.693337071568163e-08
17.145,-5.80450836221158e-06
17.175,3.029272297769281e-06
17.205,-2.302114713460118e-06
17.235,-6.924728463489349e-07
17.265,3.446527933749499e-06
17.295,-2.620740889199002e-07
17.325,3.964607652680226e-06
17.355,1.911605689314949e-07
17.385,6.12345970707473e-07
17.415,8.460187777325004e-07
17.445,6.931804167730621e-07
17.475,1.383986047555005e-06
17.505,-5.544560107099278e-07
17.535,-7.619466617647674e-07
17.565,-1.813330003770652e-06
17.595,-4.555926338255939e-07
17.625,-2.862657405724653e-06
17.655,-1.614517598462831e-06
17.685,3.064047138755244e-06
17.715,1.422571536891654e-06
17.745,-1.015445645544816e-06
17.775,-5.597613976946955e-07
17.805,2.699832470503226e-06
17.835,1.875449220461317e-06
17.865,8.423005972001563e-07
17.895,5.95957073885791e-07
17.925,-5.907011256635689e-07
17.955,4.801362620443679e-06
17.985,2.074478799381566e-06
18.015,-3.355520643098103e-07
18.045,-6.047677405668361e-07
18.075,3.756815880820094e-06
18.105,3.621706849005202e-06
18.135,-1.18844474919326e-06
18.165,-5.307599270825206e-07
18.195,5.824012721191048e-07
18.225,-9.314838861004815e-07
18.255,1.559499299319273e-06
18.285,4.082542372266761e-07
18.315,-1.409742220351111e-06
18.345,-1.311966665081682e-07
18.375,-2.951583219354056e-07
18.405,-1.358871231181731e-06
18.435,-3.409925957757742e-06
18.465,-3.143373914138957e-06
18.495,-2.546594934415072e-06
18.525,-2.618923425759274e-06
18.555,2.732091159553078e-07
18.585,-1.070593627435553e-06
18.615,-1.668810655780593e-06
18.645,3.294381932662186e-06
18.675,-2.703136660945314e-06
18.705,2.823744884673145e-06
18.735,-4.224591189694359e-06
18.765,3.7308303151952e-06
18.795,-1.28285210584852e-06
18.825,-2.221518946264492e-06
18.855,-1.337380323426958e-06
18.885,2.494676298446898e-06
18.915,-7.478162880643758e-08
18.945,3.0232035539259e-06
18.975,7.638833225603935e-07
19.005,2.885827777147443e-06
19.035,-2.591176381989231e-06
19.065,-3.976928498455033e-06
19.095,1.981646827668975e-06
19.125,-1.518735799037416e-06
19.155,-4.053867837363126e-07
19.185,4.571924524222025e-07
19.215,2.514881054822425e-06
19.245,2.87339238631193e-06
19.275,-6.112143062289078e-06
19.305,-1.629166271614052e-06
19.335,6.185192134363238e-07
19.365,1.005795445554146e-07
19.395,-1.531234069344131e-06
19.425,-2.873416815474305e-06
19.455,-2.432160320112132e-07
19.485,-2.551225830364876e-06
19.515,-1.197198074781656e-06
19.545,2.627579488644909e-07
19.575,3.04939863633155e-06
19.605,-1.861516894077861e-06
19.635,-2.265121026231022e-06
19.665,2.524693994216429e-06
19.695,2.407655073157671e-06
19.725,-1.401118601028462e-06
19.755,-5.067472270090531e-07
19.785,1.173086213104076e-06
19.815,1.547847296643075e-06
19.845,-3.951004791271956e-06
19.875,3.759717412877466e-06
19.905,-1.562406671082615e-06
19.935,2.46465788359177e-06
19.965,-1.207043826249745e-06
19.995,2.890303956463238e-07
20.025,-5.446238747352388e-07
20.055,-2.20379625689277e-06
20.085,-3.269400855765274e-06
20.115,2.229789076641398e-06
20.145,3.350604668809164e-06
20.175,1.977788898847844e-06
20.205,-1.296544861154427e-06
20.235,-6.36613297536981e-07
20.265,4.233189496314011e-06
20.295,-1.608569618439225e-06
20.325,-7.297727070978369e-07
20.355,1.170453634329743e-06
20.385,7.828684285632803e-07
20.415,2.058724806824896e-06
20.445,1.783772182535788e-07
20.475,4.006424703732877e-06
20.505,-3.087833039662567e-07
20.535,4.474037816086171e-07
20.565,-3.729753656057434e-06
20.595,-1.51721646624622e-06
20.625,2.887055726017037e-06
20.655,1.262915945148642e-06
20.685,4.356722106621524e-07
20.715,-1.357227944299457e-06
20.745,1.224694371509456e-06
20.775,-2.434175410212577e-06
20.805,-1.028155124816154e-06
20.835,-1.814450880970194e-06
20.865,2.017582933114856e-06
20.895,2.026724718064122e-06
20.925,8.7287688357461e-07
20.955,-3.769318380578992e-06
20.985,-2.284066161615974e-07
21.015,1.798604546679575e-06
21.045,-9.650137820313583e-07
21.075,2.364045018807726e-06
21.105,1.220876717892964e-06
21.135,-1.018289271363356e-06
21.165,1.946971452738305e-06
21.195,1.05085914045512e-06
21.225,-4.585333001666265e-06
21.255,-2.953350031498127e-06
21.285,-6.469248129459303e-07
21.315,4.107342321764786e-06
21.345,1.225287759679681e-06
21.375,-1.650858522755748e-06
21.405,-1.584473229112889e-06
21.435,2.505777056153747e-06
21.465,-1.790549119763462e-06
21.495,-1.215854576802004e-06
21.525,3.511114719588471e-06
21.555,1.555373681155011e-08
21.585,-3.640027223597982e-07
21.615,-1.318892786724669e-07
21.645,5.633443934043123e-07
21.675,-1.546568904096251e-06
21.705,-6.704153652623999e-07
21.735,3.84720787041529e-06
21.765,-3.494767506652353e-06
21.795,-3.445801733915942e-06
21.825,-4.53790947895806e-09
21.855,-3.053884099399849e-07
21.885,-1.128064258378979e-06
21.915,8.568038393280339e-07
21.945,1.540432773711794e-06
21.975,1.513587173006693e-06
22.005,1.532687384959985e-06
22.035,8.951310778140733e-07
22.065,-1.217265657748375e-06
22.095,-1.211566825112928e-06
22.125,-3.420018609759422e-06
22.155,-1.181649114177178e-06
22.185,1.760568913119261e-06
22.215,-3.737888794996119e-07
22.245,-3.021558450938891e-06
22.275,-7.731153353080639e-07
22.305,-3.910659180164644e-07
22.335,1.852769903584565e-06
22.365,-1.301927631189304e-07
22.395,-2.799326532599081e-08
22.425,1.411661872097267e-06
22.455,1.992636800807321e-06
22.485,3.867953179175409e-07
22.515,-3.082079606005336e-07
22.545,2.598557943482138e-07
22.575,-1.64621725531975e-06
22.605,9.350225274333459e-07
22.635,3.379107568312299e-06
22.665,1.788974428141438e-06
22.695,-2.436942061963569e-06
22.725,-7.750231843927247e-07
22.755,-1.099648196664161e-07
22.785,-6.81508077279131e-07
22.815,6.455871474931225e-07
22.845,5.752799083937185e-07
22.875,-4.150195022419566e-06
22.905,-3.76644571083043e-07
22.935,2.0503173920004e-06
22.965,-1.402648970449521e-06
22.995,1.35851067476682e-06
23.025,-1.20768948063581e-06
23.055,-1.841061192290857e-06
23.085,6.312814371566347e-07
23.115,8.610222728970725e-07
23.145,2.859038052701636e-06
23.175,-1.379298207394679e-06
23.205,-1.045353563376358e-06
23.235,-1.978399288496933e-06
23.265,1.375470417551775e-06
23.295,2.543667344194478e-06
23.325,4.771998751360029e-07
23.355,-2.029279138502857e-07
23.385,2.716297582792439e-06
23.415,-2.768575079088731e-07
23.445,2.172347069919617e-07
23.475,-1.930313366415096e-07
23.505,5.390536143238395e-07
23.535,-2.876057038104021e-06
23.565,4.328278095903568e-06
23.595,-2.432343182996038e-07
23.625,-4.331419077437462e-06
23.655,1.113242555994889e-07
23.685,2.65974789551409e-06
23.715,3.147442288777003e-06
23.745,-8.285645303708275e-07
23.775,8.449727850207839e-07
23.805,-1.302473573583027e-06
23.835,-1.105771294888577e-06
23.865,-2.570036478962562e-06
23.895,4.575892108109325e-08
23.925,-2.360583892188368e-06
23.955,-2.346561150729041e-06
23.985,-5.395217840533859e-07
24.015,-9.575889879799137e-07
24.045,3.240384634382778e-06
24.075,1.342985413401799e-06
24.105,6.841725970127815e-07
24.135,-1.96362824656139e-06
24.165,8.151292251113362e-08
24.195,-9.149324564695395e-07
24.225,7.291483844515216e-07
24.255,-5.667393926252727e-07
24.285,-6.02921222587734e-07
24.315,9.333393456950438e-07
24.345,8.419423921093502e-07
24.375,1.476569089762549e-06
24.405,6.443768528212497e-07
24.435,-1.461013591461634e-06
24.465,9.234180930123639e-07
24.495,-1.568010370425407e-07
24.525,-8.822880945107137e-08
24.555,-3.538538141580755e-08
24.585,3.913145772554971e-07
24.615,5.756429666374518e-07
24.645,2.577088514157076e-06
24.675,3.867104310612511e-06
24.705,-1.441205841022641e-07
24.735,-1.313813807240528e-06
24.765,3.49252291456572e-06
24.795,2.493394734557654e-06
24.825,3.299195703712794e-06
24.855,-1.824676716246504e-06
24.885,1.547200061417266e-06
24.915,-1.419878211853833e-06
24.945,4.032548830386687e-07
24.975,3.274371801123901e-06
25.005,9.153348979077866e-08
25.035,3.762920897831985e-07
25.065,-4.153092091297925e-07
25.095,-2.522874218331434e-07
25.125,5.101647647404867e-07
25.155,2.813194033572197e-06
25.185,-2.083672751188417e-07
25.215,4.004401833590759e-06
25.245,2.994384234698616e-06
25.275,-1.479950783901565e-06
25.305,2.523960167123262e-07
25.335,1.66578663078783e-06
25.365,9.672208493940494e-07
25.395,-1.070320291225767e-07
25.425,2.716301128340192e-07
25.455,-2.051437459388061e-06
25.485,-1.946209981668078e-06
25.515,-4.164490415385896e-06
25.545,5.866201688762033e-06
25.575,-3.727014664979761e-06
25.605,-1.229285169576915e-06
25.635,-8.917088222064849e-07
25.665,2.664855158709348e-06
25.695,-3.562884110728127e-06
25.725,-4.769173808779822e-08
25.755,1.320609450187332e-06
25.785,3.267068779059645e-06
25.815,-1.481148167832395e-06
25.845,-2.710364955423039e-06
25.875,-7.108542026622831e-07
25.905,-2.409594491138917e-07
25.935,-1.713838455671577e-06
25.965,4.855238008795188e-06
25.995,1.453914110828916e-06
26.025,-7.366395715477283e-07
26.055,-7.918704995506839e-07
26.085,6.394635247994676e-07
26.115,-3.543903188139678e-06
26.145,-5.458836163829868e-07
26.175,6.749229689798769e-08
26.205,1.465411605517438e-06
26.235,-3.452968271400268e-07
26.265,2.016370357321934e-06
26.295,3.887147017678574e-07
26.325,-2.448581784401417e-08
26.355,-2.857855790598424e-06
26.385,-9.460096542792621e-07
26.415,-2.052421361604584e-06
26.445,6.761336320995452e-07
26.475,1.510678367165966e-08
26.505,3.511217674792458e-06
26.535,2.379405311452531e-06
26.565,-9.853473546918897e-07
26.595,1.015988230956963e-06
26.625,-2.920422718781426e-06
26.655,-2.40211734902089e-06
26.685,4.702456817089998e-06
26.715,2.216548345672234e-07
26.745,4.434460297500899e-06
26.775,6.530384032482281e-07
26.805,-2.875859168762667e-06
26.835,1.855226852263362e-06
26.865,2.859106845950077e-06
26.895,-2.041686595612331e-06
26.925,-8.997831203207129e-09
26.955,2.773455164836562e-06
26.985,-2.302308077087312e-06
27.015,-2.368758356035075e-06
27.045,-1.061304950677674e-06
27.075,1.398348776524699e-06
27.105,1.003486709770865e-06
27.135,1.383759473525502e-06
27.165,-2.462136860406638e-06
27.195,-1.594887983240052e-06
27.225,-1.808928513378388e-06
27.255,1.120692872082912e-06
27.285,1.198128185766686e-06
27.315,-1.908190915233393e-06
27.345,1.548734142327313e-06
27.375,-6.247618217457285e-07
27.405,3.173022763071354e-06
27.435,-1.082345236144699e-06
27.465,7.48355321718297e-07
27.495,6.297901474425216e-07
27.525,9.492708679392781e-07
27.555,1.127687745232364e-06
27.585,-1.868157325300712e-06
27.61499999999999,2.209407780867645e-06
27.645,5.631553427684621e-07
27.675,-2.430047546064622e-06
27.705,-1.65543364881969e-06
27.735,1.024654642436257e-06
27.765,-2.00962992370074e-06
27.795,-1.29001113220728e-06
27.825,-1.540854414824877e-07
27.855,-1.420455601142123e-06
27.885,2.451984845254496e-06
27.915,3.960915010606247e-06
27.945,2.156688636997806e-06
27.975,-8.83649476569881e-07
28.005,-8.486766473886354e-07
28.035,-1.002591851526069e-06
28.065,-5.485811992791967e-07
28.095,-1.009515435865596e-06
28.125,5.098940512105951e-06
28.155,-7.522476358837182e-08
28.185,-9.790449627591208e-07
28.215,-1.73308442896411e-06
28.245,-2.388026999824988e-06
28.275,-5.20000604379775e-07
28.305,1.804205753136098e-06
28.335,-9.858478599682197e-07
28.365,1.519810549251155e-06
28.395,1.029226027220859e-06
28.425,-1.580467760185778e-06
28.455,5.175664730856788e-07
28.485,-3.203225297891688e-07
28.515,-5.744704068867679e-07
28.545,-4.237041904744249e-07
28.575,-1.146384984610535e-06
28.605,-6.415736332858468e-07
28.635,5.433118058745939e-06
28.665,-5.562404743940375e-06
28.695,-3.518263493942908e-06
28.725,-5.24781439703581e-06
28.755,1.204720789280134e-06
28.785,2.800393644267207e-06
28.815,2.023539675016783e-06
28.845,5.354173769067661e-07
28.875,2.804210199019996e-06
28.905,-1.384188465153313e-06
28.935,1.445350660517208e-06
28.965,-6.696631767444394e-07
28.995,-5.572772663609005e-07
29.025,-2.660240329396824e-06
29.055,-1.627177594928919e-06
29.085,5.165006286556029e-07
29.11499999999999,-2.250378218590643e-06
29.14499999999999,1.079944238743802e-06
29.175,-2.69536173071877e-07
29.205,4.386442026878962e-08
29.235,2.37934001194335e-06
29.265,-1.348800890164925e-06
29.295,-1.938193356931101e-06
29.325,-1.695772756479808e-06
29.355,-8.074094022814116e-07
29.385,2.304971121368932e-06
29.415,1.184551604988676e-06
29.445,5.836315094612243e-07
29.47499999999999,9.229171096733491e-07
29.505,-5.132840012744833e-08
29.535,-4.415977801000559e-07
29.565,2.215691279807558e-06
29.595,3.416497544473512e-07
29.625,3.107632537149851e-06
29.655,-1.142891615710066e-06
29.685,-3.825167249320131e-06
29.715,-8.863959027019704e-07
29.745,-9.772377914350761e-07
29.775,2.164829283118549e-06
29.80499999999999,2.522712929560467e-06
29.835,-6.030402409339108e-07
29.865,-1.972349661229916e-06
29.895,-1.797251438957759e-06
29.925,2.612539889576548e-06
29.955,-2.258672039217452e-06
29.985,-3.101925721837873e-07
30.015,-1.545676797668621e-06
30.045,-5.934150320331677e-07
30.075,2.321306761855074e-06
30.105,4.468500680613816e-07
30.13499999999999,4.67792199287595e-07
30.16499999999999,-4.713496919283439e-07
30.195,8.488499057476839e-07
30.225,4.315233832277721e-07
30.255,2.800182162615572e-06
30.285,-1.162069538322014e-06
30.315,-7.711495645726374e-07
30.345,-1.524327433454625e-06
30.375,8.703373851129403e-08
30.405,4.597012335377793e-08
30.435,5.199267102233562e-07
30.465,-1.372337815785246e-06
30.49499999999999,-1.707585187292818e-06
30.525,3.266887664613721e-06
30.555,2.877843017308826e-06
30.585,4.392268713594542e-06
30.615,1.438365351792638e-07
30.645,-1.878388455026471e-06
30.675,-3.508657657860619e-06
30.705,1.267291141045842e-06
30.735,2.897812388024876e-07
30.765,-3.477016824591193e-06
30.79499999999999,-2.101439550731762e-07
30.825,4.392717076768388e-07
30.85499999999999,-1.662713929528707e-06
30.885,-2.740812353975094e-07
30.915,3.571862154877828e-07
30.945,1.048727491099501e-06
30.975,-9.174389158433591e-07
31.005,-1.153907156163821e-06
31.035,-1.613303217691542e-06
31.065,1.902735604422234e-06
31.095,1.406045413173459e-06
31.125,1.992981257928784e-06
31.15499999999999,-5.750777835316235e-07
31.185,-2.244198259625935e-06
31.215,-3.716353379292804e-06
31.245,1.482245826469122e-06
31.275,-1.007269794177368e-06
31.305,-1.363588951752703e-07
31.335,-1.925667718089864e-06
31.365,1.637430790906065e-06
31.395,-8.348891681912371e-07
31.425,2.767092803676076e-06
31.45499999999999,1.801519946564595e-06
31.485,1.576860248380654e-06
31.51499999999999,6.310229598352468e-07
31.545,-7.455679807365743e-09
31.575,2.235378341555088e-06
31.605,3.018373812375182e-06
31.635,1.684910134942298e-07
31.665,5.216640979219082e-07
31.695,-2.22334306177515e-06
31.725,9.488985885639824e-07
31.755,3.53375980362584e-06
31.785,4.000435938366666e-07
31.81499999999999,-1.28474418832061e-06
31.845,5.802177375374435e-07
31.87499999999999,9.40372217778573e-07
31.90499999999999,1.212557394483869e-06
31.935,2.501388440091746e-06
31.965,-8.584940048770012e-08
31.995,1.852301034231609e-06
32.025,-1.260687853087204e-06
32.055,-2.038118730513698e-06
32.085,1.771427849425018e-06
32.11499999999999,6.499289793019585e-07
32.145,-1.007121413007021e-06
32.175,8.074134392121676e-07
32.20499999999999,4.074030333849434e-08
32.23499999999999,2.661810528270742e-06
32.26499999999999,2.400777219642111e-06
32.295,3.621074380468349e-06
32.325,-5.24214049790056e-07
32.355,2.203049663021843e-06
32.385,1.727410713488588e-06
32.415,-3.986468790291619e-06
32.445,-3.937568672559427e-07
32.47499999999999,2.289867470925975e-06
32.505,-2.123809307995816e-06
32.535,-1.989130424473261e-06
32.56499999999999,2.805176038064481e-06
32.59499999999999,-2.649007640715502e-06
32.62500000000001,-4.145012557670719e-06
32.655,-4.530893985158022e-07
32.685,-2.497921610209331e-06
32.715,-1.374203908389689e-06
32.745,2.920255342369867e-06
32.775,1.093777126057161e-06
32.805,8.280700562301579e-07
32.83499999999999,-1.174637723389612e-06
32.86499999999999,-1.48938821400137e-06
32.895,-5.798530689250249e-08
32.92499999999999,-2.314053309887434e-06
32.95500000000001,2.509987433356637e-06
32.985,-1.969080315434419e-06
33.015,1.401738327292637e-06
33.045,4.658956874524598e-07
33.075,-5.348236590038539e-07
33.105,2.229512734603305e-06
33.135,1.472843861122949e-06
33.165,-2.390084665128162e-06
33.19499999999999,1.423630975440106e-06
33.22499999999999,-8.227502500802349e-07
33.255,7.468518545357217e-07
33.28499999999999,9.207317924925069e-07
33.315,-7.883086136191298e-07
33.345,2.870486755981948e-06
