time_ps,trace
2.654999999999999,-8.337441191694911e-07
2.685,-1.207082196701082e-06
2.715,-9.682309892481908e-07
2.744999999999999,-8.90292000054263e-07
2.774999999999999,-1.321411410848405e-08
2.804999999999999,-2.493237935293977e-06
2.835,1.705838538861026e-07
2.865,5.024849117196001e-07
2.894999999999999,7.746371831884175e-07
2.924999999999999,-4.894446109316233e-07
2.955,7.756736424046132e-07
2.984999999999999,-4.608240313820622e-08
3.015,6.361436664156089e-07
3.044999999999999,2.652046521486873e-07
3.074999999999999,-4.783788106269005e-08
3.105,1.232124364654308e-06
3.134999999999999,4.210138150467779e-07
3.165,1.225253139112634e-06
3.194999999999999,1.573783440072737e-06
3.225,1.573781823856028e-06
3.254999999999999,3.7437545552391e-07
3.284999999999999,-1.407091997049012e-06
3.315,-2.483137245459094e-07
3.345,-1.731828820905612e-07
3.375,6.10479031527833e-08
3.404999999999999,-6.121181237439544e-07
3.435,-2.963189887180556e-06
3.464999999999999,4.335541866299503e-07
3.495,-7.628558154060272e-07
3.524999999999999,1.838117000579897e-06
3.554999999999999,1.112187261422676e-06
3.585,5.344712580755912e-07
3.614999999999999,-5.455975340528524e-07
3.644999999999999,7.568717477089357e-07
3.674999999999999,-1.164666109127604e-07
3.704999999999999,-2.071712348585691e-06
3.734999999999999,-1.690744889960849e-07
3.764999999999999,7.898143176230527e-07
3.795,6.548203428172195e-07
3.825,-1.886681859682854e-07
3.854999999999999,-6.141342957528134e-07
3.885,-3.732619116994865e-07
3.915,-1.470219424879252e-06
3.944999999999999,2.585902271487819e-07
3.975,-6.502350652381033e-07
4.004999999999999,2.268284364545514e-06
4.034999999999999,9.202787923821495e-07
4.065,1.077116283320148e-06
4.095,3.731998742323092e-07
4.124999999999999,-1.916014765622129e-07
4.154999999999999,5.322777172408338e-07
4.185,2.152842223570456e-07
4.214999999999999,-6.407706874284741e-07
4.244999999999999,1.612912676709176e-06
4.274999999999999,3.51607473171589e-07
4.304999999999999,-1.282340164452181e-06
4.335,-7.854793083140674e-07
4.364999999999999,-1.525756552177293e-07
4.395,-4.278527855753386e-07
4.425,2.950425355930048e-07
4.454999999999999,-5.071423526614108e-07
4.484999999999999,-2.070235490632052e-07
4.515,1.816310712275324e-07
4.544999999999999,2.14591223504125e-06
4.574999999999999,9.023059514392043e-07
4.605,4.391101920356993e-07
4.635,-7.474107210211564e-07
4.664999999999999,-6.317695604206655e-07
4.694999999999999,-3.650224975285804e-07
4.725,3.383199198266421e-07
4.754999999999999,4.123590524565852e-07
4.784999999999999,-2.196209828784872e-07
4.815,-7.35643454987181e-07
4.844999999999999,1.809440504765662e-06
4.874999999999999,-1.359271247824371e-06
4.904999999999999,1.081586393820218e-06
4.935,9.988318788982787e-07
4.964999999999999,-1.083586239601381e-07
4.994999999999999,1.248462675067881e-06
5.024999999999999,-1.298025985276051e-06
5.054999999999999,1.26232029127476e-06
5.084999999999999,-1.476213727096823e-06
5.115,-7.898456235043341e-07
5.144999999999999,-5.625483181881212e-07
5.174999999999999,-2.562048898425246e-06
5.205,-1.002108308651925e-07
5.234999999999999,-4.437118323740059e-08
5.264999999999999,-2.547448609888266e-06
5.295,6.36778806425856e-07
5.324999999999999,-4.156784626516488e-07
5.354999999999999,1.885346169526285e-08
5.385,-9.432197973685595e-07
5.415,-2.881453866352204e-07
5.444999999999999,1.893197161693591e-06
5.474999999999999,-1.1495284195324e-07
5.505,-4.747031509287408e-07
5.534999999999999,5.399645460495064e-07
5.564999999999999,5.39112103097668e-07
5.595,8.688002613247694e-07
5.624999999999999,-1.268345830059592e-06
5.654999999999998,1.650284299270282e-06
5.685,6.591391840977002e-07
5.715,1.297357545342439e-06
5.744999999999999,2.294370861520003e-06
5.774999999999999,2.968873583761213e-07
5.805,-4.900018456959225e-07
5.834999999999999,4.672315558335157e-07
5.864999999999999,-4.754990844416324e-07
5.895,1.012511647151726e-06
5.925,1.215741863041099e-06
5.954999999999999,9.222368941695256e-07
5.984999999999999,-1.991509088279469e-06
6.015,-8.45654465888882e-07
6.044999999999999,-6.509149225580114e-07
6.074999999999999,1.415770755835782e-07
6.105,1.343166724335513e-07
6.134999999999999,-1.521071731631202e-07
6.164999999999999,-8.614696341790161e-07
6.194999999999999,-5.787459499334352e-07
6.225,3.372254617186243e-07
6.255,5.411187180099307e-07
6.284999999999999,-8.571586283583283e-07
6.315,1.341852250148247e-06
6.345,2.920888843991254e-07
6.374999999999999,-9.359560045133766e-08
6.404999999999999,-3.011490488592696e-07
6.434999999999999,2.571860919703731e-07
6.465,6.323760923454482e-07
6.494999999999999,3.682085226723759e-07
6.524999999999999,-2.71761479271116e-07
6.555,-4.149663238696498e-07
6.584999999999999,2.764554969805831e-07
6.614999999999999,-8.274184720210437e-07
6.645,1.240007286846157e-06
6.674999999999999,-1.833082674980571e-07
6.704999999999999,3.978006298602097e-07
6.734999999999999,6.273267604079696e-07
6.765,2.52975437767309e-07
6.794999999999999,-1.776396016611388e-06
6.824999999999999,2.262864774567276e-07
6.855,1.016231196547629e-06
6.884999999999999,1.522202720751213e-06
6.914999999999999,-9.405602182657128e-08
6.944999999999999,1.683031736312679e-06
6.974999999999999,5.436182049003415e-07
7.004999999999999,2.040272263331564e-06
7.034999999999999,1.407346629099158e-07
7.065,-1.865382480949592e-06
7.094999999999999,3.098798625862588e-07
7.125,8.583874000080529e-07
7.154999999999999,1.743102881355955e-06
7.184999999999999,-1.462633726813628e-06
7.215,3.731482634648645e-07
7.244999999999999,9.940222075847677e-09
7.274999999999999,3.489699944166747e-07
7.304999999999999,7.886796347917431e-08
7.335,-9.389210550695789e-07
7.364999999999998,6.556821247386715e-07
7.394999999999999,-1.529606200898616e-06
7.425,-1.429903889217991e-06
7.454999999999998,1.111718749139595e-06
7.484999999999999,4.125120593631278e-07
7.515,-1.181313661356038e-06
7.544999999999998,9.339954873748986e-07
7.575,-1.25376635473802e-07
7.605,-2.538425977553749e-07
7.634999999999998,2.676379368338677e-08
7.665,-3.910614261260571e-07
7.694999999999999,4.724191789041304e-07
7.725,3.655470087750754e-07
7.755,-1.528317753605576e-07
7.784999999999999,3.629608165450944e-07
7.815,1.675263106482524e-06
7.845,-3.870960074467452e-07
7.874999999999998,2.345187322112227e-07
7.904999999999999,1.872018257195924e-07
7.935,1.199584335358502e-06
7.964999999999998,6.681588417965387e-07
7.994999999999999,1.730446196610847e-06
8.024999999999999,1.097685963759661e-06
8.054999999999998,7.789634558332921e-07
8.085000000000001,-1.919705150625279e-07
8.114999999999998,7.213526644084586e-07
8.144999999999998,-8.349891143453787e-07
8.175000000000001,4.234055092605723e-08
8.204999999999998,1.213841519742131e-06
8.234999999999999,5.440921525203594e-07
8.265000000000001,1.735221913879064e-06
8.294999999999998,-4.290463071375514e-07
8.324999999999999,6.096951765164586e-07
8.355,5.328824503386888e-07
8.384999999999998,7.904872116221844e-07
8.414999999999999,-8.215534218604451e-07
8.445,1.073997436078225e-06
8.474999999999998,1.310248258419464e-08
8.504999999999999,-2.84638277555937e-07
8.535,1.361931637100276e-06
8.564999999999998,-4.132559434353477e-07
8.594999999999999,-2.724509732930517e-08
8.625,8.932541965258853e-07
8.654999999999998,-5.177324942620183e-07
8.685,-5.388472447229304e-07
8.715,-1.274033249970456e-06
8.744999999999997,8.702655494435728e-07
8.775,2.342553588469033e-06
8.805,-4.333431341605887e-07
8.834999999999999,1.642408425168676e-06
8.865,3.335044240631897e-07
8.895,-1.711672720765193e-07
8.924999999999999,3.940570547736371e-07
8.955,2.130021898719862e-06
8.984999999999999,9.152495276285615e-07
9.014999999999999,-1.618938236447936e-06
9.045,5.344996730242663e-08
9.074999999999998,4.101509370020529e-07
9.104999999999999,-2.825798645186724e-07
9.135,-1.913651861667275e-07
9.164999999999997,1.282293452362747e-07
9.195,1.782819035948427e-06
9.225,2.46638099028737e-07
9.254999999999997,-4.427442326588514e-08
9.285,6.867683516598268e-07
9.315,6.706265296843772e-07
9.344999999999999,-5.398409662073546e-07
9.375,3.518287519841739e-08
9.404999999999999,1.867314303648935e-06
9.434999999999999,1.255835651113727e-07
9.465,1.416576455021654e-07
9.494999999999999,3.596657694403368e-07
9.524999999999999,-9.353426007197685e-07
9.555,5.863544900297316e-07
9.584999999999999,1.629116587092405e-06
9.614999999999998,-8.598097235830242e-07
9.645,2.001867916294084e-07
9.674999999999999,1.135467443055717e-06
9.704999999999998,6.186800681446798e-07
9.734999999999999,-8.230397286004059e-07
9.764999999999999,4.159930957226842e-07
9.795,1.341146349657428e-06
9.824999999999999,-4.077153769474697e-07
9.854999999999999,-2.087732162243071e-08
9.885,1.903837601177912e-07
9.914999999999999,-2.237900031168792e-07
9.944999999999999,-3.341762308189481e-07
9.975,-1.311298820839018e-06
10.005,1.257610167678664e-06
10.035,2.490772352239626e-07
10.065,8.009648033988181e-07
10.095,2.380165859074601e-07
10.125,-4.387650275108031e-07
10.155,-1.56620511899234e-06
10.185,-6.755505880253933e-07
10.215,9.508951352659682e-07
10.245,1.652186247303505e-09
10.275,1.039768200443461e-06
10.305,-1.4582963873893e-06
10.335,1.132521746924405e-06
10.365,-5.404133197217101e-07
10.395,-1.645762078606351e-07
10.425,3.76173814426407e-07
10.455,3.767994830676236e-07
10.485,6.247113519006699e-07
10.515,3.474518714436742e-07
10.545,2.378768547149398e-07
10.575,5.040968413371139e-07
10.605,-1.582557026896636e-06
10.635,6.236243401685418e-07
10.665,-2.148620890777567e-06
10.695,2.47760358121617e-07
10.725,-9.141150861813787e-08
10.755,-2.268458969509484e-07
10.785,4.851500428491462e-07
10.815,-1.921743557770805e-06
10.845,-3.954084887179442e-07
10.875,6.568131906508322e-08
10.905,-5.791507476441597e-07
10.935,-8.677021871953781e-07
10.965,-1.944513730188082e-06
10.995,4.795295168777914e-07
11.025,3.470708016454093e-07
11.055,1.760005595229965e-06
11.085,1.55762248104661e-06
11.115,1.162125398971346e-07
11.145,-2.588441866395615e-08
11.175,5.869577326467978e-08
11.205,-7.765729679121115e-08
11.235,-1.901273220264866e-06
11.265,-1.640331976643898e-06
11.295,6.837199493342258e-08
11.325,2.440146460659302e-07
11.355,1.031373804307433e-06
11.385,6.254771962600781e-07
11.415,-1.146868509803585e-06
11.445,2.615848391145713e-07
11.475,-8.940679542449899e-07
11.505,1.3574250798724e-06
11.535,5.855907994884696e-07
11.565,-3.167795254462672e-07
11.595,-4.397125553874144e-07
11.625,-8.595959720972364e-07
11.655,1.333710254297876e-07
11.685,-1.404000031137684e-06
11.715,-5.425746910655573e-07
11.745,-8.158783712593349e-08
11.775,-4.593807677962419e-07
11.805,5.599726717254772e-07
11.835,-2.588943443426553e-07
11.865,1.399943897792621e-06
11.895,2.899021572171323e-07
11.925,9.305460786140424e-07
11.955,4.795319933528635e-07
11.985,5.664167686567852e-07
12.015,5.083711243295822e-07
12.045,-3.740863401810367e-07
12.075,-6.650435340261709e-07
12.105,-4.958417483053764e-07
12.135,1.375376358916398e-06
12.165,-5.86954875698069e-07
12.195,-5.731868586861893e-08
12.225,-2.516880407018391e-07
12.255,-1.631181838886695e-07
12.285,1.844728122775843e-07
12.315,-7.076727880224218e-08
12.345,4.04845654259423e-07
12.375,-1.028857790763514e-06
12.405,-8.394007074142322e-07
12.435,2.143200928457906e-07
12.465,-4.67011759294958e-07
12.495,-8.848481279437575e-07
12.525,-2.014977217389949e-07
12.555,4.919577606382484e-07
12.585,-3.937807378199104e-07
12.615,-1.060452183675464e-06
12.645,-5.288784676412633e-07
12.675,-8.183874626044284e-07
12.705,-7.850979039500449e-07
12.735,1.672091417759415e-06
12.765,9.545003293017027e-09
12.795,5.062050395414824e-09
12.825,4.023722553275938e-07
12.855,-2.314903361930589e-06
12.885,9.250154933991615e-07
12.915,-2.960373800557533e-07
12.945,1.573890716513969e-06
12.975,-1.633353598178169e-07
13.005,-9.126674014708304e-07
13.035,4.098942985986578e-07
13.065,-8.056817793680602e-07
13.095,-8.770422063370635e-07
13.125,-9.882432728496913e-07
13.155,-5.217280494090466e-08
13.185,2.460206347259334e-07
13.215,6.493832317188421e-07
13.245,3.286443731861343e-07
13.275,-3.98943265518586e-07
13.305,-9.565017133988524e-07
13.335,-3.547497515908494e-07
13.365,5.938185642519162e-07
13.395,1.619990445937465e-06
13.425,1.912994816742064e-07
13.455,9.118804307644863e-07
13.485,-4.79316595682645e-07
13.515,2.665188255043775e-07
13.545,7.433220015157895e-07
13.575,-7.634892806478367e-07
13.605,-4.172218455462528e-07
13.635,3.293744844922455e-07
13.665,-3.13553518528391e-07
13.695,-3.799590007679837e-07
13.725,-1.219156440346113e-06
13.755,6.952240436626769e-07
13.785,-2.072757283082833e-07
13.815,-4.211628008477504e-07
13.845,-4.447100002216245e-07
13.875,-5.375049841705872e-07
13.905,-6.582137724446037e-07
13.935,1.231457567299338e-06
13.965,-4.960061495420318e-07
13.995,1.529539495000253e-07
14.025,2.419335057953403e-07
14.055,-7.66555706155143e-08
14.085,-4.434917294065394e-07
14.115,-2.607689370776234e-07
14.145,-1.516270564550714e-06
14.175,1.39688870085469e-06
14.205,-1.37685012249484e-06
14.235,-1.096213844365427e-06
14.265,-1.266350004623541e-06
14.295,-3.193906130783696e-07
14.325,-3.744402249800506e-07
14.355,-4.091101241129662e-07
14.385,-1.927375818363707e-06
14.415,-4.188246901616585e-08
14.445,-1.365662646645117e-06
14.475,-4.150805296820729e-08
14.505,-1.087914487874308e-06
14.535,-3.882019060802901e-07
14.565,4.648628309595067e-07
14.595,7.442197973932496e-08
14.625,7.831369953119307e-07
14.655,-7.572985899233263e-07
14.685,2.475566097363372e-07
14.715,9.792491152667589e-07
14.745,-1.795708231905453e-06
14.775,8.18481555201986e-08
14.805,8.932967166597886e-07
14.835,-1.804666785969041e-06
14.865,-1.360756355656004e-07
14.895,1.841283737707203e-07
14.925,1.190203903715971e-06
14.955,-1.164304285718256e-06
14.985,-5.367761939451838e-07
15.015,-1.871532849215061e-06
15.045,2.713100179217189e-07
15.075,-9.740284173322906e-07
15.105,1.655024160678765e-06
15.135,-2.843012771746144e-07
15.165,-1.42632198104382e-06
15.195,-1.648419633821528e-07
15.225,8.723084414344564e-07
15.255,1.724253856079243e-06
15.285,-6.940356111699954e-07
15.315,-1.606598261130937e-06
15.345,-7.429840789570629e-07
15.375,2.645172523159324e-07
15.405,7.784245471647727e-07
15.435,3.622963502822394e-07
15.465,1.340079413062041e-06
15.495,-1.499905008564204e-06
15.525,-2.399624256333382e-07
15.555,2.151911324807434e-07
15.585,6.173252800075575e-07
15.615,-3.702769468045717e-07
15.645,2.38243646735189e-06
15.675,3.778922751792257e-07
15.705,6.290840312499863e-07
15.735,1.925865706263138e-07
15.765,1.198321218303744e-06
15.795,-5.403266885358068e-07
15.825,3.7067611310059e-07
15.855,1.260409075591243e-06
15.885,-2.364453296760445e-06
15.915,-2.589161378032843e-07
15.945,-8.461907296212091e-07
15.975,-5.861892742567063e-07
16.005,1.270482111150419e-06
16.035,7.389223069733265e-07
16.065,4.154173050957815e-07
16.095,-9.828626309287773e-07
16.125,2.505877602070744e-07
16.155,-1.260704712529107e-06
16.185,-6.24126554423475e-07
16.215,-7.801530809317496e-07
16.245,1.024125637644896e-06
16.275,-1.082538201666733e-07
16.305,-1.987260052271553e-07
16.335,2.034719329378765e-07
16.365,1.277221691707575e-07
16.395,-5.746676832308999e-07
16.425,-1.493510292017823e-06
16.45499999999999,-2.804677094693162e-07
16.485,1.755673334317108e-06
16.515,1.716187576326564e-06
16.545,1.315637198858778e-06
16.575,-1.276070207452407e-07
16.605,2.591443508059843e-06
16.635,9.139238996355714e-07
16.665,1.72462464467435e-06
16.695,4.649231812869914e-07
16.725,5.96517848325262e-07
16.755,1.339935678940085e-07
16.785,8.774820581952669e-08
16.815,-3.305008785883801e-07
16.845,1.474969761536271e-07
16.875,-1.062003074217555e-06
16.905,5.475224540904544e-07
16.935,4.254848785818083e-07
16.965,-8.278964402346628e-07
16.995,-7.182736721580985e-07
17.025,1.623472385775537e-06
17.055,-8.725944010412601e-07
17.085,1.947523981526977e-07
17.115,-7.450052141866337e-08
17.145,8.912327498222794e-07
17.175,9.012743668046497e-07
17.205,-1.454663353023244e-06
17.235,7.392657551952286e-07
17.265,1.116585570573592e-06
17.295,3.859214724056398e-07
17.325,-9.408179596354094e-07
17.355,4.134317835857715e-07
17.385,3.85006295067214e-07
17.415,-5.056096951672195e-07
17.445,-7.66704451871103e-07
17.475,4.068802019752127e-07
17.505,-6.284693130353958e-07
17.535,-6.492074791641933e-07
17.565,-3.577826008516194e-07
17.595,7.088375906239008e-07
17.625,4.71284138589545e-07
17.655,5.38917583496612e-07
17.685,-1.606557525201269e-07
17.715,9.975611964252451e-07
17.745,-8.60460672019725e-08
17.775,-1.651520263240558e-06
17.805,1.779657307632299e-07
17.835,3.874926627900344e-07
17.865,-1.081170403566256e-06
17.895,-3.020106787987586e-07
17.925,-2.799075694837061e-07
17.955,-6.797888939813479e-07
17.985,9.983325872653381e-07
18.015,-1.172567423712856e-06
18.045,2.02826644098153e-06
18.075,-9.04800438544795e-07
18.105,1.411653614072361e-07
18.135,-5.19816512917215e-07
18.165,8.509807301534944e-08
18.195,-1.472222679024283e-06
18.225,1.523087751965219e-06
18.255,-9.849039108306146e-07
18.285,-1.073659946004835e-06
18.315,-7.35195788560683e-07
18.345,-6.195848739065646e-07
18.375,4.629941160322337e-07
18.405,5.392008157606432e-07
18.435,-1.428951086596131e-06
18.465,1.205316163752079e-06
18.495,-1.061869394636261e-06
18.525,-1.239058432619955e-06
18.555,1.957593936362245e-06
18.585,-1.76598538478151e-06
18.615,-1.45884739212454e-07
18.645,6.841813521701878e-07
18.675,9.101755705787085e-07
18.705,8.567521521431198e-07
18.735,1.159323252647448e-06
18.765,-2.052119776191352e-06
18.795,-1.292506779415267e-06
18.825,9.557095840720224e-07
18.855,-7.418017864690984e-07
18.885,-5.45682797403052e-07
18.915,1.339828159183098e-08
18.945,9.112630595456417e-07
18.975,-1.011341803438398e-06
19.005,8.751188643428554e-07
19.035,1.217974436029667e-07
19.065,-5.762925137792196e-08
19.095,-2.678739373027095e-07
19.125,-1.573269267082095e-06
19.155,7.628884630961341e-08
19.185,-9.745640678904266e-07
19.215,-6.766180448702919e-07
19.245,-7.855408484004622e-07
19.275,-3.641447843712176e-07
19.305,8.802362081380966e-07
19.335,-1.683603023522329e-07
19.365,-1.040248929270321e-07
19.395,-1.885555055695931e-06
19.425,-7.051796587827924e-07
19.455,-1.595927046679074e-08
19.485,3.913063596882455e-07
19.515,-4.992456955330883e-07
19.545,-1.094120539429227e-06
19.575,-4.282820515769895e-07
19.605,6.204254360023628e-07
19.635,2.143139167081745e-07
19.665,-1.556498067741344e-06
19.695,-1.058628338003118e-07
19.725,3.021587029932229e-08
19.755,-6.561971142384805e-07
19.785,-1.815692488027487e-08
19.815,-8.959424681554903e-07
19.845,-1.127331614778244e-06
19.875,5.380254809849577e-07
19.905,4.537183750574422e-07
19.935,2.693842473099756e-07
19.965,6.028128964859561e-07
19.995,-3.070530315060077e-07
20.025,1.4507994436537e-07
20.055,-6.993719624415889e-07
20.085,-6.831576047690996e-07
20.115,1.027586261064667e-06
20.145,2.153149772626123e-07
20.175,1.099481175166617e-06
20.205,4.696125082311042e-07
20.235,-1.26360981268607e-06
20.265,-1.462269965269575e-07
20.295,5.014227669338477e-07
20.325,-2.872690655866816e-06
20.355,6.96841979801752e-07
20.385,-1.119142072308725e-08
20.415,1.001794896031741e-06
20.445,1.111105615774979e-06
20.475,-1.045210537333621e-06
20.505,1.007325475605966e-06
20.535,1.020438643779028e-06
20.565,-2.183095183756279e-07
20.595,1.066701091230731e-07
20.625,-3.117406549256463e-07
20.655,-5.965560498652836e-07
20.685,6.434626582368496e-07
20.715,3.737178384441951e-08
20.745,-9.428978810569182e-07
20.775,-3.01017734134117e-07
20.805,8.285715716142839e-08
20.835,-1.252604252268644e-07
20.865,6.36119873118849e-07
20.895,4.432740403524042e-07
20.925,-9.876524435454073e-07
20.955,-1.04610429773255e-06
20.985,1.060107398899012e-06
21.015,-4.251467488952318e-07
21.045,6.126052863155221e-07
21.075,-9.932850786780259e-07
21.105,-1.327966599035373e-06
21.135,1.379947684036417e-06
21.165,7.303732529554546e-07
21.195,2.07488886310456e-07
21.225,1.055128023650298e-06
21.255,-2.052858353318327e-07
21.285,-2.018604477510479e-07
21.315,-3.936589123474353e-07
21.345,3.359342776209414e-07
21.375,-1.498515033302415e-06
21.405,-1.136383023780116e-06
21.435,2.659047405737989e-07
21.465,1.377488220169639e-06
21.495,-2.385488671399432e-07
21.525,-1.204258200705429e-06
21.555,-1.054870159501644e-06
21.585,-3.748654657815403e-07
21.615,4.775298419551705e-07
21.645,-1.586818041915492e-06
21.675,3.412129559876445e-07
21.705,4.672600256226504e-07
21.735,-7.252075037159555e-07
21.765,1.211173393298836e-06
21.795,-2.322512592811427e-07
21.825,1.168177850046281e-06
21.855,4.524254341629029e-08
21.885,5.677725670421695e-07
21.915,2.548009393026074e-07
21.945,-8.333913973321847e-07
21.975,-4.517567351212341e-07
22.005,1.251882577224593e-06
22.035,9.416523250925599e-07
22.065,-1.453182028725753e-06
22.095,8.107271629151282e-07
22.125,-3.611839128607897e-07
22.155,-2.055379629182087e-06
22.185,-4.224370900399741e-08
22.215,-1.924935555875924e-06
22.245,-1.605281843258431e-06
22.275,-5.980866635949575e-07
22.305,5.626483123497808e-07
22.335,-8.987483709092868e-07
22.365,-8.406402136259812e-07
22.395,2.325140546143804e-07
22.425,-1.574908358209216e-06
22.455,-2.24973350467189e-06
22.485,1.16543066607994e-06
22.515,-1.469789488021977e-07
22.545,5.469304582590836e-07
22.575,1.901451414410715e-06
22.605,1.587119782410604e-08
22.635,1.506016046335859e-07
22.665,-1.586553180778221e-06
22.695,4.474558978960651e-07
22.725,-4.699146642047806e-08
22.755,7.684137694866674e-07
22.785,9.834590984604205e-07
22.815,-3.122675599140097e-07
22.845,1.570339748000675e-06
22.875,-8.471734351614153e-07
22.905,6.306873631753288e-07
22.935,4.039198784247099e-07
22.965,1.348766748661444e-06
22.995,-3.744116627266733e-07
23.025,1.977328721691589e-07
23.055,-1.141005023648674e-06
23.085,9.513311833771751e-07
23.115,9.196560518646307e-07
23.145,-1.261983689243248e-06
23.175,1.05165379333486e-06
23.205,4.313720821102769e-07
23.235,9.891404211127396e-07
23.265,9.528870426464488e-07
23.295,5.44512968975511e-07
23.325,1.762947249502023e-06
23.355,7.591973650886792e-07
23.385,2.890718212802837e-07
23.415,-6.911731380990021e-08
23.445,-6.357462684059272e-08
23.475,2.416072668462649e-07
23.505,-1.873602144059549e-07
23.535,-1.566934912263347e-06
23.565,2.022421860803223e-07
23.595,-3.369234692487884e-07
23.625,5.353517361126963e-07
23.655,-6.344913594880444e-07
23.685,-7.540133590218168e-07
23.715,-6.583692324185212e-07
23.745,-4.695375971236391e-07
23.775,-4.535935895517019e-07
23.805,-4.466522690039072e-07
23.835,-8.540721030305255e-07
23.865,-1.252634685944718e-07
23.895,-1.292389878480249e-06
23.925,6.486020114592763e-08
23.955,1.671658306129584e-06
23.985,-6.790836854988363e-07
24.015,-6.233607890182195e-07
24.045,-1.453367418615905e-06
24.075,1.194743043980866e-06
24.105,8.533345318079898e-07
24.135,-1.832777573688684e-06
24.165,-3.606871496238123e-07
24.195,2.037079852022815e-07
24.225,5.765533087526321e-07
24.255,2.739681418854965e-07
24.285,-1.177325297279435e-06
24.315,-1.684946871877502e-06
24.345,-8.519419839711137e-07
24.375,1.775317526822573e-06
24.405,-5.693135068328946e-08
24.435,5.025322215150584e-07
24.465,1.274958253702558e-06
24.495,1.692693155546704e-06
24.525,9.755759935606241e-07
24.555,2.638145195075063e-07
24.585,-7.277418268923218e-07
24.615,4.350684706069089e-07
24.645,4.684908530597256e-07
24.675,2.676317557356319e-07
24.705,-6.983377173134336e-07
24.735,4.491868833142118e-07
24.765,-5.083326195941696e-07
24.795,6.333584044741784e-07
24.825,7.905355014729148e-07
24.855,-4.355964317867496e-08
24.885,-1.229796086090496e-06
24.915,-5.238147940425491e-08
24.945,-3.822500725819073e-07
24.975,3.321097655643178e-07
25.005,1.657037522893007e-07
25.035,1.528339945507881e-06
25.065,6.339336607158916e-07
25.095,-5.026729304244399e-08
25.125,1.281385691164231e-07
25.155,5.610145379546721e-07
25.185,2.968136855215138e-07
25.215,8.545728662026923e-08
25.245,4.220510971647722e-07
25.275,-2.056079805938437e-08
25.305,-4.85625042899267e-07
25.335,-1.553965682480832e-06
25.365,2.921931368362663e-07
25.395,1.21046702394446e-06
25.425,-1.083065088437776e-06
25.455,1.421678478475112e-06
25.485,2.000188503988705e-07
25.515,1.352764895948531e-06
25.545,-1.124392410839023e-06
25.575,-8.073521231833176e-07
25.605,3.765928144678547e-07
25.635,1.300362758209736e-06
25.665,-3.369803953512447e-08
25.695,-8.429703284389259e-07
25.725,5.363988941583724e-08
25.755,2.156468962888306e-07
25.785,-1.187465456855361e-06
25.815,1.881682573030681e-08
25.845,8.078201337994536e-07
25.875,1.238944575584433e-06
25.905,1.691695503750648e-07
25.935,-1.347374605608926e-08
25.965,-1.475019135745379e-06
25.995,8.750459525227747e-07
26.025,2.067954592518898e-08
26.055,1.395061356331592e-06
26.085,-6.281874663131009e-07
26.115,1.684952522750422e-06
26.145,-2.111110160479323e-06
26.175,1.072392963082363e-06
26.205,-1.680177380378646e-07
26.235,1.222599823685189e-06
26.265,7.93588448775971e-07
26.295,5.566447521844825e-08
26.325,-6.875664170024619e-08
26.355,1.789835077209384e-06
26.385,1.535643093768591e-07
26.415,-1.723088264239318e-06
26.445,7.402268365658202e-07
26.475,2.071211832487604e-06
26.505,-9.566664651278455e-07
26.535,-3.981120489472777e-07
26.565,-2.078054918240524e-06
26.595,-9.052491273583663e-07
26.625,7.134866693934898e-07
26.655,2.045319708491335e-06
26.685,8.699505871560291e-08
26.715,-1.358544405736464e-06
26.745,1.228154776977644e-06
26.775,-2.73015497861582e-07
26.805,-1.494506672404659e-06
26.835,2.260461923564898e-07
26.865,-1.316710456917891e-06
26.895,-2.697092496583768e-08
26.925,8.384102002181966e-07
26.955,-7.187471831429421e-09
26.985,-8.729352961848267e-07
27.015,2.15359948841421e-07
27.045,9.415345838549341e-07
27.075,-1.157347892185873e-08
27.105,1.733509591733474e-07
27.135,-7.662739974643377e-07
27.165,-1.106839157974288e-06
27.195,-2.724785450584283e-07
27.225,5.113100668002373e-08
27.255,-9.915723400414021e-07
27.285,-1.026423272170475e-07
27.315,1.304324648002474e-06
27.345,-1.645159106897726e-06
27.375,1.311456152813164e-06
27.405,1.030687585453932e-06
27.435,-6.785779700704995e-07
27.465,6.079617735099995e-07
27.495,1.948949678844546e-06
27.525,6.523785488183808e-07
27.555,-4.468315898372275e-07
27.585,5.583521358099627e-07
27.61499999999999,6.228838492160575e-07
27.645,-1.19183454459147e-06
27.675,5.945382945269072e-07
27.705,-4.388974736316153e-07
27.735,-1.890342439223774e-07
27.765,-1.013209730042523e-06
27.795,1.194957459013633e-06
27.825,-8.994323796416131e-08
27.855,-4.554036233989987e-07
27.885,2.678283639260449e-07
27.915,1.094191643035335e-06
27.945,6.805746374999401e-07
27.975,4.687710204237036e-07
28.005,8.414488038446318e-07
28.035,9.233144913790501e-07
28.065,1.603613251389036e-08
28.095,1.354719897762958e-06
28.125,3.251092916531026e-07
28.155,6.255913339146044e-07
28.185,-3.70666802500157e-07
28.215,-2.257842833920215e-07
28.245,-5.993883602330677e-07
28.275,3.18304218924743e-07
28.305,-2.169735828577901e-07
28.335,-2.67515989173922e-07
28.365,1.612779168653634e-06
28.395,3.085277232869264e-06
28.425,7.599578970497111e-07
28.455,-3.087360900384616e-07
28.485,8.26071755883323e-07
28.515,1.010450566836308e-06
28.545,-7.327333068505508e-08
28.575,3.538043926256505e-07
28.605,-8.911525253626678e-07
28.635,1.852518391995634e-06
28.665,-1.126110748656567e-06
28.695,1.909396428906073e-06
28.725,-2.466389677439184e-07
28.755,-8.699927323454383e-07
28.785,-9.583926627114415e-07
28.815,-9.537700160515646e-07
28.845,-2.569757749316048e-07
28.875,2.894226400329226e-08
28.905,8.224764526247799e-07
28.935,-1.395712683139089e-06
28.965,1.461047132086086e-06
28.995,-1.02769649022859e-06
29.025,2.294557263028496e-07
29.055,-1.176677866342485e-06
29.085,5.720539191032578e-07
29.11499999999999,-1.316221638192617e-06
29.14499999999999,1.261453738633346e-07
29.175,-4.628928252956153e-07
29.205,-2.38541573030269e-07
29.235,-1.441904124248048e-06
29.265,1.622165622016138e-07
29.295,-1.719693247280626e-06
29.325,-2.078195772895971e-06
29.355,4.680791765217143e-07
29.385,6.691223663926228e-07
29.415,1.348164755829135e-06
29.445,1.72696565623535e-08
29.47499999999999,-6.53955005178005e-07
29.505,8.733403053031427e-07
29.535,-4.298924023810167e-07
29.565,4.838396036979714e-07
29.595,-1.795467756678428e-07
29.625,8.064494194956238e-07
29.655,-8.770250331001133e-07
29.685,1.289213567623952e-06
29.715,-3.661992349683632e-07
29.745,6.14083124502149e-07
29.775,-2.445725248342213e-06
29.80499999999999,7.931236683524097e-07
29.835,8.124595815061607e-07
29.865,7.520888422951596e-07
29.895,-4.633598668255213e-07
29.925,5.711107152343998e-08
29.955,-1.878549471202572e-07
29.985,-1.601472724645446e-06
30.015,-7.540108107813404e-07
30.045,-5.781510532542827e-07
30.075,-4.716886629921998e-07
30.105,1.416075820275649e-06
30.13499999999999,1.383547379289956e-06
30.16499999999999,2.584689724626043e-07
30.195,-2.273658702200861e-07
30.225,-1.25507767259391e-06
30.255,-4.85517031581131e-07
30.285,-1.14898515318894e-06
30.315,-1.518676495540651e-06
30.345,-1.473811591026972e-07
30.375,8.379387482018357e-07
30.405,4.724010776796452e-07
30.435,2.183936164003383e-07
30.465,1.855048423996226e-06
30.49499999999999,-1.912652913436778e-06
30.525,-7.615762056794022e-07
30.555,1.734686590967156e-06
30.585,-7.360973545051772e-07
30.615,-1.701348321713679e-08
30.645,6.678669732156194e-08
30.675,-4.378897341911227e-07
30.705,6.47114062577948e-07
30.735,-8.041529125314439e-07
30.765,-5.072814853416514e-07
30.79499999999999,1.038690093670541e-06
30.825,6.557907396262412e-07
30.85499999999999,-1.632616892026984e-07
30.885,-2.295679534427589e-07
30.915,-8.732915236139714e-07
30.945,-8.221125028781631e-07
30.975,-1.018931734598966e-06
31.005,8.631110451202782e-07
31.035,-1.117040463459102e-06
31.065,5.253643655122147e-07
31.095,-1.94060682820541e-07
31.125,1.686050726674374e-06
31.15499999999999,2.342721204868018e-07
31.185,1.548871652522822e-06
31.215,-4.115050047182036e-07
31.245,7.637579913361433e-07
31.275,1.732265765709586e-06
31.305,2.05006527056621e-07
31.335,1.001362100620517e-06
31.365,-8.48536406865055e-07
31.395,7.774314405799203e-08
31.425,1.361142668995451e-06
31.45499999999999,-2.036125017853998e-07
31.485,5.400632338729412e-07
31.51499999999999,5.931570516015813e-07
31.545,-3.458548655120962e-07
31.575,3.752410521482999e-07
31.605,1.539173901720044e-06
31.635,8.062437578450469e-07
31.665,1.006024840250571e-06
31.695,2.330706761271238e-07
31.725,6.820173678868354e-07
31.755,3.928285457105975e-07
31.785,2.669447827473388e-07
31.81499999999999,2.488006473300832e-07
31.845,1.414486946643029e-06
31.87499999999999,5.831332287289483e-07
31.90499999999999,3.783088048658595e-07
31.935,-2.292326175454489e-07
31.965,8.608908438092379e-07
31.995,-2.293207080967394e-07
32.025,1.293940671588333e-06
32.055,-2.65525838626492e-09
32.085,-8.729055545464669e-07
32.11499999999999,-3.015673535625267e-07
32.145,-7.641543876506349e-07
32.175,2.476694494050188e-08
32.20499999999999,-4.573149268213399e-07
32.23499999999999,1.519037063898846e-06
32.26499999999999,-4.001636608890279e-07
32.295,1.124970050877876e-06
32.325,-1.312613934036665e-06
32.355,-7.595609575351944e-07
32.385,4.741421327997611e-07
32.415,4.784120664868803e-07
32.445,-4.402284476646761e-07
32.47499999999999,-1.629623333758806e-06
32.505,-6.336103392157305e-07
32.535,2.665789627578377e-07
32.56499999999999,-2.237791694812795e-09
32.59499999999999,8.17226765937142e-07
32.62500000000001,-9.263338955739527e-07
32.655,-1.899817537372789e-06
32.685,5.173986753400607e-07
32.715,-5.949283295895084e-07
32.745,-1.099679633086297e-07
32.775,1.36219423258602e-06
32.805,-5.994100626544312e-07
32.83499999999999,1.388332306689769e-06
32.86499999999999,2.067025103674543e-06
32.895,3.731633084430401e-08
32.92499999999999,6.124321094400672e-07
32.95500000000001,1.465562872995121e-06
32.985,-6.410326983571338e-07
33.015,1.410287198317945e-07
33.045,-2.115355071168285e-07
33.075,-1.690304762098579e-07
33.105,-2.426279267315416e-07
33.135,1.082603247209029e-07
33.165,1.067579949160197e-06
33.19499999999999,-6.087996223954565e-08
33.22499999999999,8.163414156579524e-07
33.255,1.327294012233582e-06
33.28499999999999,8.014445647941924e-07
33.315,7.154921326194691e-07
33.345,-6.633458732837119e-07
